:TIME_ID:str modeleq_constraint_perturb:WIDTH:float modeleq_constraint_perturb:JPERT:float modeleq_constraint_perturb:PPERT:float
00000 0.150 -0.100 -0.100 
00001 0.150 -0.100 -0.078 
00002 0.150 -0.100 -0.056 
00003 0.150 -0.100 -0.033 
00004 0.150 -0.100 -0.011 
00005 0.150 -0.100 0.011 
00006 0.150 -0.100 0.033 
00007 0.150 -0.100 0.056 
00008 0.150 -0.100 0.078 
00009 0.150 -0.100 0.100 
00100 0.150 -0.078 -0.100 
00101 0.150 -0.078 -0.078 
00102 0.150 -0.078 -0.056 
00103 0.150 -0.078 -0.033 
00104 0.150 -0.078 -0.011 
00105 0.150 -0.078 0.011 
00106 0.150 -0.078 0.033 
00107 0.150 -0.078 0.056 
00108 0.150 -0.078 0.078 
00109 0.150 -0.078 0.100 
00200 0.150 -0.056 -0.100 
00201 0.150 -0.056 -0.078 
00202 0.150 -0.056 -0.056 
00203 0.150 -0.056 -0.033 
00204 0.150 -0.056 -0.011 
00205 0.150 -0.056 0.011 
00206 0.150 -0.056 0.033 
00207 0.150 -0.056 0.056 
00208 0.150 -0.056 0.078 
00209 0.150 -0.056 0.100 
00300 0.150 -0.033 -0.100 
00301 0.150 -0.033 -0.078 
00302 0.150 -0.033 -0.056 
00303 0.150 -0.033 -0.033 
00304 0.150 -0.033 -0.011 
00305 0.150 -0.033 0.011 
00306 0.150 -0.033 0.033 
00307 0.150 -0.033 0.056 
00308 0.150 -0.033 0.078 
00309 0.150 -0.033 0.100 
00400 0.150 -0.011 -0.100 
00401 0.150 -0.011 -0.078 
00402 0.150 -0.011 -0.056 
00403 0.150 -0.011 -0.033 
00404 0.150 -0.011 -0.011 
00405 0.150 -0.011 0.011 
00406 0.150 -0.011 0.033 
00407 0.150 -0.011 0.056 
00408 0.150 -0.011 0.078 
00409 0.150 -0.011 0.100 
00500 0.150 0.011 -0.100 
00501 0.150 0.011 -0.078 
00502 0.150 0.011 -0.056 
00503 0.150 0.011 -0.033 
00504 0.150 0.011 -0.011 
00505 0.150 0.011 0.011 
00506 0.150 0.011 0.033 
00507 0.150 0.011 0.056 
00508 0.150 0.011 0.078 
00509 0.150 0.011 0.100 
00600 0.150 0.033 -0.100 
00601 0.150 0.033 -0.078 
00602 0.150 0.033 -0.056 
00603 0.150 0.033 -0.033 
00604 0.150 0.033 -0.011 
00605 0.150 0.033 0.011 
00606 0.150 0.033 0.033 
00607 0.150 0.033 0.056 
00608 0.150 0.033 0.078 
00609 0.150 0.033 0.100 
00700 0.150 0.056 -0.100 
00701 0.150 0.056 -0.078 
00702 0.150 0.056 -0.056 
00703 0.150 0.056 -0.033 
00704 0.150 0.056 -0.011 
00705 0.150 0.056 0.011 
00706 0.150 0.056 0.033 
00707 0.150 0.056 0.056 
00708 0.150 0.056 0.078 
00709 0.150 0.056 0.100 
00800 0.150 0.078 -0.100 
00801 0.150 0.078 -0.078 
00802 0.150 0.078 -0.056 
00803 0.150 0.078 -0.033 
00804 0.150 0.078 -0.011 
00805 0.150 0.078 0.011 
00806 0.150 0.078 0.033 
00807 0.150 0.078 0.056 
00808 0.150 0.078 0.078 
00809 0.150 0.078 0.100 
00900 0.150 0.100 -0.100 
00901 0.150 0.100 -0.078 
00902 0.150 0.100 -0.056 
00903 0.150 0.100 -0.033 
00904 0.150 0.100 -0.011 
00905 0.150 0.100 0.011 
00906 0.150 0.100 0.033 
00907 0.150 0.100 0.056 
00908 0.150 0.100 0.078 
00909 0.150 0.100 0.100 
