&NUBEAM_RUN
  DT_NUBEAM = 0.02 
  NSTEP = 20 
  NAVG = 10 
/

&NBI_CONFIG
  NBEAM = 14 
  ABEAMA = 2.0 2.0 2.0 2.0 2.0 2.0 2.0 2.0 2.0 2.0 2.0 2.0 2.0 2.0 
  XZBEAMA = 1.0 1.0 1.0 1.0 1.0 1.0 1.0 1.0 1.0 1.0 1.0 1.0 1.0 1.0 
  FOCLRA = 1e+33 1e+33 1e+33 1e+33 1e+33 1e+33 1e+33 1e+33 1e+33 1e+33  
    1e+33 1e+33 1e+33 1e+33 
  XZPEDGA = 24.0 24.0 18.9834926013 18.9891250731 18.9891250731  
    18.9834926013 18.9834926013 18.9891250731 18.9891250731  
    18.9834926013 24.0 24.0 24.0 24.0 
  RTCENA = 114.6 76.2 118.665992315 118.658113085 118.650633742  
    118.643893402 72.262028179 72.2546646496 72.0884129116  
    71.9637792306 76.2 114.6 114.6 76.2 
  XYBSCA = 0.0 0.0 189.600017544 178.100006398 166.699997185  
    155.099995191 189.700589659 178.299867314 166.800017192  
    155.079236441 0.0 0.0 0.0 0.0 
  BMWIDZA = 24.0 24.0 6.0 6.0 6.0 6.0 6.0 6.0 6.0 6.0 24.0 24.0 24.0  
    24.0 
  NLCO = .true. .true. .true. .true. .true. .true. .true. .true. .true.  
    .true. .false. .false. .true. .true. 
  FOCLZA = 1000.0 1000.0 1e+33 1e+33 1e+33 1e+33 1e+33 1e+33 1e+33  
    1e+33 1000.0 1000.0 1000.0 1000.0 
  XLBTNA = 802.8 817.3 856.608865971 856.013095412 854.710281116  
    854.105638114 871.762381765 870.967028152 869.701286125  
    868.92204263 817.3 802.8 802.8 817.3 
  XLBAPA2 = 0.0 0.0 631.525105637 632.1099803 632.079217101  
    632.500862517 626.257175248 626.711853853 626.74660585  
    627.041659961 0.0 0.0 0.0 0.0 
  FHALFA = 0.291890153644 0.274833722801 0.274057477057 0.274057477057  
    0.274057477057 0.274057477057 0.268433606543 0.268433606543  
    0.268433606543 0.268433606543 0.27170791669 0.275480573022  
    0.276337459408 0.276863848088 
  XRAPOFFA = 0.0 0.0 2.11893469339 2.11893469339 2.11893469339  
    2.11893469339 2.11893469339 2.11893469339 2.11893469339  
    2.11893469339 0.0 0.0 0.0 0.0 
  DIVRA = 0.00873 0.00873 0.00872664625997 0.00872664625997  
    0.00872664625997 0.00872664625997 0.00872664625997 0.00872664625997  
    0.00872664625997 0.00872664625997 0.00873 0.00873 0.00873 0.00873 
  XLBAPA = 186.1 186.1 482.899455565 482.970886586 482.970886586  
    482.899455565 482.893223804 482.964656673 482.964656673  
    482.893223804 186.1 186.1 186.1 186.1 
  XYBAPA = 0.0 0.0 39.1884468161 35.2908343101 32.7349276665  
    28.864508259 41.650900304 37.7564804142 35.0206009728 31.1126568605  
    0.0 0.0 0.0 0.0 
  XZAPOFF2 = 0.0 0.0 29.6548699813 31.3579531961 31.1743103704  
    32.7930248614 24.8528920245 26.6241539187 26.7610509994  
    28.442601655 0.0 0.0 0.0 0.0 
  FFULLA = 0.548888435883 0.538060608048 0.537304589845 0.537304589845  
    0.537304589845 0.537304589845 0.531053477158 0.531053477158  
    0.531053477158 0.531053477158 0.534857025792 0.538670458614  
    0.53944998165 0.539912750175 
  RAPEDG2 = 0.0 0.0 50.0 50.0 50.0 50.0 50.0 50.0 50.0 50.0 0.0 0.0 0.0  
    0.0 
  NBAPSH2 = 0 0 1 1 1 1 1 1 1 1 0 0 0 0 
  PINJA = 2215385.99167 1653598.87708 151986.671124 129050.411391  
    131327.190828 156693.644054 204673.288878 138060.578111  
    134972.122513 164599.289974 1209812.54531 1692799.5125  
    2263269.36667 781579.959115 
  DIVZA = 0.0227 0.0227 0.0174532925199 0.0174532925199 0.0174532925199  
    0.0174532925199 0.0226892802759 0.0226892802759 0.0226892802759  
    0.0226892802759 0.0227 0.0227 0.0227 0.0227 
  XZPEDG2 = 0.0 0.0 50.0 50.0 50.0 50.0 50.0 50.0 50.0 50.0 0.0 0.0 0.0  
    0.0 
  XZAPOFFA = 0.0 0.0 -4.51087697579 -0.519449423482 2.20763907329  
    6.19856588212 -6.96614215462 -2.97533976671 -0.248131671542  
    3.74362684847 0.0 0.0 0.0 0.0 
  NBAPSHA = 1 1 1 1 1 1 1 1 1 1 1 1 1 1 
  RAPEDGA = 8.85 8.85 14.3349671304 14.3349671304 14.3349671304  
    14.3349671304 14.3349671304 14.3349671304 14.3349671304  
    14.3349671304 8.85 8.85 8.85 8.85 
  BMWIDRA = 6.0 6.0 5.0 5.0 5.0 5.0 5.0 5.0 5.0 5.0 6.0 6.0 6.0 6.0 
  EINJA = 80740.921875 74496.1484375 74214.625 74214.625 74214.625  
    74214.625 72157.828125 72157.828125 72157.828125 72157.828125  
    73358.9453125 74730.2890625 75039.8125 75229.5859375 
  NBSHAPA = 1 1 1 1 1 1 1 1 1 1 1 1 1 1 
  XRAPOFF2 = 0.0 0.0 0.0 0.0 0.0 0.0 0.0 0.0 0.0 0.0 0.0 0.0 0.0 0.0 
/

&NBI_INIT
  WGHTA = 20.0 
  NZONES = 20 
  NZONE_FB = 10 
  NZNBMA = 50 
  NZNBME = 100 
  NPTCLS = 5000 
  NDEP0 = 5000 
  NSIGEXC = 1 
  NMCURB = 1 
  NSEED = 410338673 
  NLTEST_OUTPUT = 0 
  NSDBGB = 2 
/

&NBI_UPDATE
  NLTEST_OUTPUT = 0 
  NBBCX_BB = 0 
/

&NBI_MODEL
  DIFB_0 = 0.0 
  DIFB_A = 0.0 
  DIFB_IN = 2 
  DIFB_OUT = 2 
  NKDIFB = 3 
/

