&INSTATE
  TOKAMAK_ID = 'D3D' 
  DENSITY_MODEL = 0 
  IP = 0.965271039935 
  B0 = -1.93130390129 
  R0 = 1.69550002 
  RMAJOR = 1.66977065165 
  AMINOR = 0.617438905891 
  KAPPA = 1.71355551679 
  DELTA = 0.571808521076 
  N_ION = 1 
  Z_ION = 1 
  A_ION = 2 
  F_ION = 1.0 
  N_IMP = 1 
  Z_IMP = 6 
  A_IMP = 12 
  F_IMP = 1.0 
  N_MIN = 0 
  Z_MIN = 1 
  A_MIN = 1 
  N_BEAM = 1 
  Z_BEAM = 1 
  A_BEAM = 2 
  N_FUSION = 1 
  Z_FUSION = 2 
  A_FUSION = 4 
  NRHO = 101 
  RHO = 0.0 0.01 0.02 0.03 0.04 0.05 0.06 0.07 0.08 0.09 0.1 0.11 0.12  
    0.13 0.14 0.15 0.16 0.17 0.18 0.19 0.2 0.21 0.22 0.23 0.24 0.25  
    0.26 0.27 0.28 0.29 0.3 0.31 0.32 0.33 0.34 0.35 0.36 0.37 0.38  
    0.39 0.4 0.41 0.42 0.43 0.44 0.45 0.46 0.47 0.48 0.49 0.5 0.51 0.52  
    0.53 0.54 0.55 0.56 0.57 0.58 0.59 0.6 0.61 0.62 0.63 0.64 0.65  
    0.66 0.67 0.68 0.69 0.7 0.71 0.72 0.73 0.74 0.75 0.76 0.77 0.78  
    0.79 0.8 0.81 0.82 0.83 0.84 0.85 0.86 0.87 0.88 0.89 0.9 0.91 0.92  
    0.93 0.94 0.95 0.96 0.97 0.98 0.99 1.0 
  NE = 4.7125375963 4.71263488646 4.71289973105 4.71329329091  
    4.71377557324 4.71430735434 4.71484904135 4.71536071839  
    4.71580316174 4.71613704005 4.7163226989 4.7163204993 4.71609054073  
    4.71559409172 4.71479083646 4.71364205883 4.71210718155  
    4.71014764232 4.70772378675 4.70479557591 4.70132372456  
    4.69726880904 4.69259060583 4.68725087566 4.68120917966  
    4.67442627876 4.66686267238 4.65847802931 4.64923429489  
    4.63909083028 4.62800831949 4.61594795412 4.60289653655  
    4.58887095605 4.57389231651 4.55798019901 4.5411538001  
    4.52343434672 4.50484063548 4.48539389333 4.46511305532  
    4.44401816399 4.42212950799 4.39946708372 4.37605101062  
    4.35190023914 4.32703599622 4.30147755531 4.27524502047  
    4.24835866497 4.22083805453 4.19270332398 4.16397423898  
    4.13467061904 4.10481256054 4.07442072899 4.04351377487  
    4.01211312509 3.98023799927 3.94790863222 3.91514386669  
    3.88196568335 3.84839156366 3.81444336522 3.78014083062  
    3.74550341791 3.71055073123 3.67530425133 3.63978224416  
    3.60400560594 3.56799420234 3.53176756828 3.49534575401  
    3.4587490251 3.42199740102 3.38511082434 3.34810902995  
    3.31101226807 3.2738401736 3.23661216613 3.19934976485  
    3.16203638046 3.12451704087 3.08660065743 3.04809617996  
    3.00881296589 2.96856043416 2.92714784991 2.88438413989  
    2.84007863076 2.79404868618 2.74628876871 2.69696628663  
    2.64625431645 2.59432687298 2.54135754032 2.48751962569  
    2.43298697472 2.37793343682 2.32253283839 2.26695842897 
  TE = 4.46783646461 4.46456748439 4.45813889657 4.44943115019  
    4.4385021502 4.42540944007 4.41021070942 4.39296347864  
    4.37372509126 4.35255297538 4.32950598194 4.30464040849  
    4.27801457528 4.24968523364 4.21971121911 4.18814905997  
    4.15505694574 4.12049265062 4.08451318741 4.0471765995 4.0085396459  
    3.96866157747 3.92759819185 3.88540818614 3.84214861931  
    3.79787708098 3.75265183756 3.70653046331 3.65957036326  
    3.61182791956 3.56336216004 3.51423019748 3.46448997528  
    3.4141988985 3.36341563348 3.31219525491 3.26059712133  
    3.20867796098 3.1564968709 3.10410996406 3.05157586067  
    2.99895082751 2.94629359245 2.89366142981 2.84111264444  
    2.78870322627 2.73649214929 2.68453702619 2.63289456214  
    2.5816229851 2.53077956169 2.48042245834 2.43060855712  
    2.38139587833 2.33284195777 2.2850037544 2.23793812721  
    2.19169313677 2.14631189839 2.10182968263 2.05826813175  
    2.01564936869 1.97398559893 1.9332729155 1.89348676512  
    1.85458856629 1.81653090831 1.77926541528 1.74272993303  
    1.70686091531 1.67157664991 1.63674922528 1.60223619784  
    1.56789271293 1.53354177552 1.49894803955 1.46378281809  
    1.42761564255 1.38991985013 1.35009990584 1.30750055467  
    1.2614196039 1.21117002349 1.15609945597 1.09553115599  
    1.02879170833 0.955315313032 0.874879173694 0.787603560955  
    0.694070958322 0.595741274857 0.494826192817 0.394342888267  
    0.299410076391 0.216052511767 0.148721058523 0.0989158002119  
    0.0664226788907 0.0487180015733 0.0413662597777 0.0395069118709 
  TI = 4.67927475129 4.67660348646 4.66872311408 4.65583484404  
    4.63813978626 4.6158388507 4.58913294731 4.55822314755  
    4.52331020755 4.48459542182 4.44227957726 4.39656377608  
    4.3476487975 4.29573585141 4.24102575548 4.18371955041  
    4.12401829227 4.06212282181 3.99823414126 3.93255341438  
    3.86528123579 3.79661910765 3.72676757843 3.65592779652  
    3.58430081798 3.51208743741 3.43948880319 3.36670565605  
    3.29393932896 3.22139069342 3.14926035943 3.07774982145  
    3.0070599356 2.93739127344 2.86894536787 2.80192299043  
    2.73652225156 2.67292599524 2.61130614435 2.55182681545  
    2.49463582039 2.43985940564 2.38759755319 2.33790944469  
    2.29081607634 2.24631855949 2.20439368679 2.16499184024  
    2.12803962923 2.09343397617 2.06105975951 2.03079000981  
    2.00249094348 1.97602734643 1.95125422555 1.92801910062  
    1.90616864158 1.88554973756 1.86600916616 1.84739390496  
    1.82955058544 1.81232637744 1.79556788552 1.77912207573  
    1.76283578719 1.7465557706 1.73012891892 1.71340219052  
    1.69622234375 1.67843625238 1.65989070938 1.64043266158  
    1.61990877121 1.59816616581 1.57505153841 1.55041181272  
    1.52409625822 1.49596066244 1.46587034195 1.4337101521 1.3993792034  
    1.3627859777 1.32384456742 1.28249191084 1.23870818461  
    1.19251958593 1.14398782292 1.09319527495 1.04023222769  
    0.985205442675 0.928236511446 0.869462232436 0.80902361293  
    0.747061104544 0.683725139787 0.619176307032 0.553599654667  
    0.487199830432 0.420183360577 0.352755510038 0.285121978771 
  OMEGA = 67815.3641633 67791.843624 67722.1583921 67607.6237399  
    67449.5551915 67249.2758317 67008.0948841 66727.3332913  
    66408.3074597 66052.3315272 65660.7222782 65234.7977571  
    64775.8739919 64285.2709173 63764.2987651 63214.2768397  
    62636.5233115 62032.3510585 61403.0805192 60750.0282258  
    60074.5093246 59377.8400958 58661.3359375 57926.3135081 57174.09375  
    56405.9910534 55623.3204385 54827.3967994 54019.5409526  
    53201.0694304 52373.2934728 51537.5344002 50695.1066028  
    49847.327873 48995.516003 48140.9870212 47285.0541835 46429.0366683  
    45574.2528982 44722.0167591 43873.6430192 43030.4509829  
    42193.7590726 41364.8786542 40545.1325605 39735.8339214  
    38938.2958669 38153.8405998 37383.7838332 36629.4392641  
    35892.1263231 35173.1596522 34473.85906 33795.5360383 33139.5064264  
    32507.094506 31899.6122732 31318.3773311 30764.6989667  
    30239.7793599 29744.5217364 29279.1293473 28843.3824345  
    28436.5265247 28057.0136719 27702.7048891 27370.6132812  
    27056.9640877 26756.4586064 26462.2166079 26166.3837576  
    25860.7401084 25536.0376764 25181.1043347 24783.4415953  
    24331.0125378 23813.5909148 23221.9819178 22547.18687 21781.1754662  
    20917.1060673 19949.0470955 18870.2580645 17674.2987966  
    16356.5647681 14913.6698274 13343.414598 11644.7473696  
    9817.64042024 7863.79457535 5785.91420623 3586.81608237  
    1270.50770323 -1157.21341348 -3690.3760691 -6322.20499051  
    -9039.13062409 -11824.1723554 -14660.2712481 -17530.4191658  
    -20417.5919229 
  ZEFF = 1.42218714342 1.42240434524 1.4230485178 1.4241083808  
    1.42557258108 1.42742989959 1.42966905914 1.43227882449  
    1.43524803657 1.43856619187 1.44222151352 1.44620503593  
    1.45050440098 1.45511062633 1.4600128286 1.4652029797 1.47067010793  
    1.47640649833 1.48240130311 1.48864759415 1.49513129703  
    1.50183752321 1.50874733602 1.51583906296 1.52309568737  
    1.53049788206 1.53802433589 1.54565800358 1.55337908481  
    1.56117281444 1.56902651552 1.57693161941 1.58487347628  
    1.59283860913 1.60080416459 1.60875768852 1.61667644834  
    1.62454240231 1.63234113262 1.6400482687 1.64764379273  
    1.65510743387 1.66242189169 1.6695655985 1.67652011209  
    1.68327087516 1.68980571259 1.69611403281 1.70219465922  
    1.70804621949 1.7136821844 1.71911148526 1.72433914437  
    1.72938140146 1.73424736655 1.73895636145 1.74351886878  
    1.74795697412 1.75228396143 1.75651734988 1.76067539408  
    1.7647731178 1.76883235219 1.77286739538 1.77689733117  
    1.78093585389 1.785002858 1.78911305671 1.7932777638 1.7975031248  
    1.80179934772 1.80616747015 1.81061272499 1.81513591858  
    1.81973892603 1.82442406878 1.82919182081 1.83404418979  
    1.83897912329 1.84399690087 1.84909315674 1.85427640799  
    1.8595909937 1.86509187766 1.87083775924 1.87689464133  
    1.88332908493 1.89021740509 1.89764327588 1.90569437996  
    1.9144735808 1.92402756173 1.93435196536 1.94544248965  
    1.95729420442 1.96985638867 1.98303002214 1.99670102236  
    2.01073713417 2.02499564529 2.03931219818 
  J_TOT = 1.66041174194 1.66045770968 1.66050232258 1.66040551613  
    1.66002716129 1.65922712903 1.6578506129 1.65559293548  
    1.65205874194 1.64678283871 1.6392596129 1.62911341935  
    1.61601012903 1.59957477419 1.57950135484 1.55561367742  
    1.5278046129 1.49610329032 1.46061441935 1.4215086129 1.37903022581  
    1.33347096774 1.28515777419 1.23444612903 1.18170622581  
    1.12732906452 1.07172432258 1.01532766129 0.958617148387  
    0.902124603226 0.846461893548 0.792347848387 0.740643677419  
    0.692397693548 0.648900751613 0.611747016129 0.581934093548  
    0.55832973871 0.53948053871 0.524260406452 0.511809935484  
    0.501474093548 0.492754603226 0.485271941935 0.478737087097  
    0.472929664516 0.4676818 0.462865412903 0.458382525806  
    0.454157935484 0.450134229032 0.446267587097 0.442524509677  
    0.438879290323 0.435312625806 0.431810096774 0.428361083871  
    0.424958093548 0.421595983871 0.418272012903 0.414985574194  
    0.41173776129 0.408531525806 0.405371516129 0.402264716129  
    0.399220574194 0.396250925806 0.393370716129 0.390598948387  
    0.387959087097 0.385479893548 0.3831965 0.381151909677  
    0.379398390323 0.377999367742 0.377031541935 0.376587493548  
    0.376778183871 0.377737132258 0.379480822581 0.381858429032  
    0.384718093548 0.387923187097 0.39134483871 0.394855741935  
    0.398323951613 0.401607174194 0.404547303226 0.406966645161  
    0.408507877419 0.408331832258 0.405480880645 0.398983232258  
    0.387829383871 0.370960045161 0.347264435484 0.315765874194  
    0.274712619355 0.226430490323 0.157384361935 0.0363174054323 
  P_EQ = 86360.2624194 86463.4143761 86768.4499499 87262.1839477  
    87922.8927664 88720.6908811 89618.0576846 90570.5242427  
    91527.7758206 92440.6578574 93267.4309207 93968.320023  
    94508.2399955 94859.9325882 95003.4129139 94926.7141137  
    94625.6945128 94103.4713927 93369.5108319 92438.485718  
    91329.0224665 90062.4116751 88661.4006346 87149.1782144  
    85548.4712809 83880.9261535 82166.5900882 80423.6364294  
    78668.1621306 76914.1029497 75173.2168472 73455.0769384  
    71767.0800396 70114.4467418 68500.1718883 66924.9067268  
    65386.849357 63882.5303475 62408.5413648 60962.0810047  
    59540.8688135 58143.0445481 56767.0773671 55411.6981148  
    54075.8446816 52758.6213441 51459.2677708 50177.1309955  
    48911.6492506 47662.3329034 46428.7555969 45210.5427023  
    44007.3635807 42818.9264314 41644.9724165 40485.2717237  
    39339.6192431 38207.8331554 37089.7505983 35985.2268945  
    34894.1333024 33816.3537812 32751.7874397 31700.3404475  
    30661.9341183 29636.4921903 28623.9524872 27624.2531008  
    26637.3409286 25663.1657021 24701.6767644 23752.8287944  
    22816.5705162 21892.8477395 20981.6027584 20082.7643449  
    19196.2475771 18321.9522757 17459.7503383 16609.4402295  
    15770.6655397 14942.9056166 14125.4988345 13317.6540162  
    12518.4590481 11726.877882 10941.7443879 10161.7505449  
    9385.43895865 8611.27228323 7838.28053478 7066.75768631  
    6298.35079525 5536.00647368 4783.95328176 4047.72914076  
    3334.28467391 2652.12221981 2011.61415314 1426.4764787  
    936.955361652 
  J_OH = 0.0 0.0 0.0 0.0 0.0 0.0 0.0 0.0 0.0 0.0 0.0 0.0 0.0 0.0 0.0  
    0.0 0.0 0.0 0.0 0.0 0.0 0.0 0.0 0.0 0.0 0.0 0.0 0.0 0.0 0.0 0.0 0.0  
    0.0 0.0 0.0 0.0 0.0 0.0 0.0 0.0 0.0 0.0 0.0 0.0 0.0 0.0 0.0 0.0 0.0  
    0.0 0.0 0.0 0.0 0.0 0.0 0.0 0.0 0.0 0.0 0.0 0.0 0.0 0.0 0.0 0.0 0.0  
    0.0 0.0 0.0 0.0 0.0 0.0 0.0 0.0 0.0 0.0 0.0 0.0 0.0 0.0 0.0 0.0 0.0  
    0.0 0.0 0.0 0.0 0.0 0.0 0.0 0.0 0.0 0.0 0.0 0.0 0.0 0.0 0.0 0.0 0.0  
    0.0 
  J_BS = 0.0 0.0 0.0 0.0 0.0 0.0 0.0 0.0 0.0 0.0 0.0 0.0 0.0 0.0 0.0  
    0.0 0.0 0.0 0.0 0.0 0.0 0.0 0.0 0.0 0.0 0.0 0.0 0.0 0.0 0.0 0.0 0.0  
    0.0 0.0 0.0 0.0 0.0 0.0 0.0 0.0 0.0 0.0 0.0 0.0 0.0 0.0 0.0 0.0 0.0  
    0.0 0.0 0.0 0.0 0.0 0.0 0.0 0.0 0.0 0.0 0.0 0.0 0.0 0.0 0.0 0.0 0.0  
    0.0 0.0 0.0 0.0 0.0 0.0 0.0 0.0 0.0 0.0 0.0 0.0 0.0 0.0 0.0 0.0 0.0  
    0.0 0.0 0.0 0.0 0.0 0.0 0.0 0.0 0.0 0.0 0.0 0.0 0.0 0.0 0.0 0.0 0.0  
    0.0 
  J_NB = 0.0 0.0 0.0 0.0 0.0 0.0 0.0 0.0 0.0 0.0 0.0 0.0 0.0 0.0 0.0  
    0.0 0.0 0.0 0.0 0.0 0.0 0.0 0.0 0.0 0.0 0.0 0.0 0.0 0.0 0.0 0.0 0.0  
    0.0 0.0 0.0 0.0 0.0 0.0 0.0 0.0 0.0 0.0 0.0 0.0 0.0 0.0 0.0 0.0 0.0  
    0.0 0.0 0.0 0.0 0.0 0.0 0.0 0.0 0.0 0.0 0.0 0.0 0.0 0.0 0.0 0.0 0.0  
    0.0 0.0 0.0 0.0 0.0 0.0 0.0 0.0 0.0 0.0 0.0 0.0 0.0 0.0 0.0 0.0 0.0  
    0.0 0.0 0.0 0.0 0.0 0.0 0.0 0.0 0.0 0.0 0.0 0.0 0.0 0.0 0.0 0.0 0.0  
    0.0 
  J_EC = 0.0 0.0 0.0 0.0 0.0 0.0 0.0 0.0 0.0 0.0 0.0 0.0 0.0 0.0 0.0  
    0.0 0.0 0.0 0.0 0.0 0.0 0.0 0.0 0.0 0.0 0.0 0.0 0.0 0.0 0.0 0.0 0.0  
    0.0 0.0 0.0 0.0 0.0 0.0 0.0 0.0 0.0 0.0 0.0 0.0 0.0 0.0 0.0 0.0 0.0  
    0.0 0.0 0.0 0.0 0.0 0.0 0.0 0.0 0.0 0.0 0.0 0.0 0.0 0.0 0.0 0.0 0.0  
    0.0 0.0 0.0 0.0 0.0 0.0 0.0 0.0 0.0 0.0 0.0 0.0 0.0 0.0 0.0 0.0 0.0  
    0.0 0.0 0.0 0.0 0.0 0.0 0.0 0.0 0.0 0.0 0.0 0.0 0.0 0.0 0.0 0.0 0.0  
    0.0 
  J_IC = 0.0 0.0 0.0 0.0 0.0 0.0 0.0 0.0 0.0 0.0 0.0 0.0 0.0 0.0 0.0  
    0.0 0.0 0.0 0.0 0.0 0.0 0.0 0.0 0.0 0.0 0.0 0.0 0.0 0.0 0.0 0.0 0.0  
    0.0 0.0 0.0 0.0 0.0 0.0 0.0 0.0 0.0 0.0 0.0 0.0 0.0 0.0 0.0 0.0 0.0  
    0.0 0.0 0.0 0.0 0.0 0.0 0.0 0.0 0.0 0.0 0.0 0.0 0.0 0.0 0.0 0.0 0.0  
    0.0 0.0 0.0 0.0 0.0 0.0 0.0 0.0 0.0 0.0 0.0 0.0 0.0 0.0 0.0 0.0 0.0  
    0.0 0.0 0.0 0.0 0.0 0.0 0.0 0.0 0.0 0.0 0.0 0.0 0.0 0.0 0.0 0.0 0.0  
    0.0 
  PE_NB = 0.0 0.0 0.0 0.0 0.0 0.0 0.0 0.0 0.0 0.0 0.0 0.0 0.0 0.0 0.0  
    0.0 0.0 0.0 0.0 0.0 0.0 0.0 0.0 0.0 0.0 0.0 0.0 0.0 0.0 0.0 0.0 0.0  
    0.0 0.0 0.0 0.0 0.0 0.0 0.0 0.0 0.0 0.0 0.0 0.0 0.0 0.0 0.0 0.0 0.0  
    0.0 0.0 0.0 0.0 0.0 0.0 0.0 0.0 0.0 0.0 0.0 0.0 0.0 0.0 0.0 0.0 0.0  
    0.0 0.0 0.0 0.0 0.0 0.0 0.0 0.0 0.0 0.0 0.0 0.0 0.0 0.0 0.0 0.0 0.0  
    0.0 0.0 0.0 0.0 0.0 0.0 0.0 0.0 0.0 0.0 0.0 0.0 0.0 0.0 0.0 0.0 0.0  
    0.0 
  PE_EC = 0.0 0.0 0.0 0.0 0.0 0.0 0.0 0.0 0.0 0.0 0.0 0.0 0.0 0.0 0.0  
    0.0 0.0 0.0 0.0 0.0 0.0 0.0 0.0 0.0 0.0 0.0 0.0 0.0 0.0 0.0 0.0 0.0  
    0.0 0.0 0.0 0.0 0.0 0.0 0.0 0.0 0.0 0.0 0.0 0.0 0.0 0.0 0.0 0.0 0.0  
    0.0 0.0 0.0 0.0 0.0 0.0 0.0 0.0 0.0 0.0 0.0 0.0 0.0 0.0 0.0 0.0 0.0  
    0.0 0.0 0.0 0.0 0.0 0.0 0.0 0.0 0.0 0.0 0.0 0.0 0.0 0.0 0.0 0.0 0.0  
    0.0 0.0 0.0 0.0 0.0 0.0 0.0 0.0 0.0 0.0 0.0 0.0 0.0 0.0 0.0 0.0 0.0  
    0.0 
  PE_IC = 0.0 0.0 0.0 0.0 0.0 0.0 0.0 0.0 0.0 0.0 0.0 0.0 0.0 0.0 0.0  
    0.0 0.0 0.0 0.0 0.0 0.0 0.0 0.0 0.0 0.0 0.0 0.0 0.0 0.0 0.0 0.0 0.0  
    0.0 0.0 0.0 0.0 0.0 0.0 0.0 0.0 0.0 0.0 0.0 0.0 0.0 0.0 0.0 0.0 0.0  
    0.0 0.0 0.0 0.0 0.0 0.0 0.0 0.0 0.0 0.0 0.0 0.0 0.0 0.0 0.0 0.0 0.0  
    0.0 0.0 0.0 0.0 0.0 0.0 0.0 0.0 0.0 0.0 0.0 0.0 0.0 0.0 0.0 0.0 0.0  
    0.0 0.0 0.0 0.0 0.0 0.0 0.0 0.0 0.0 0.0 0.0 0.0 0.0 0.0 0.0 0.0 0.0  
    0.0 
  PE_FUS = 0.0 0.0 0.0 0.0 0.0 0.0 0.0 0.0 0.0 0.0 0.0 0.0 0.0 0.0 0.0  
    0.0 0.0 0.0 0.0 0.0 0.0 0.0 0.0 0.0 0.0 0.0 0.0 0.0 0.0 0.0 0.0 0.0  
    0.0 0.0 0.0 0.0 0.0 0.0 0.0 0.0 0.0 0.0 0.0 0.0 0.0 0.0 0.0 0.0 0.0  
    0.0 0.0 0.0 0.0 0.0 0.0 0.0 0.0 0.0 0.0 0.0 0.0 0.0 0.0 0.0 0.0 0.0  
    0.0 0.0 0.0 0.0 0.0 0.0 0.0 0.0 0.0 0.0 0.0 0.0 0.0 0.0 0.0 0.0 0.0  
    0.0 0.0 0.0 0.0 0.0 0.0 0.0 0.0 0.0 0.0 0.0 0.0 0.0 0.0 0.0 0.0 0.0  
    0.0 
  PE_IONIZATION = 0.0 0.0 0.0 0.0 0.0 0.0 0.0 0.0 0.0 0.0 0.0 0.0 0.0  
    0.0 0.0 0.0 0.0 0.0 0.0 0.0 0.0 0.0 0.0 0.0 0.0 0.0 0.0 0.0 0.0 0.0  
    0.0 0.0 0.0 0.0 0.0 0.0 0.0 0.0 0.0 0.0 0.0 0.0 0.0 0.0 0.0 0.0 0.0  
    0.0 0.0 0.0 0.0 0.0 0.0 0.0 0.0 0.0 0.0 0.0 0.0 0.0 0.0 0.0 0.0 0.0  
    0.0 0.0 0.0 0.0 0.0 0.0 0.0 0.0 0.0 0.0 0.0 0.0 0.0 0.0 0.0 0.0 0.0  
    0.0 0.0 0.0 0.0 0.0 0.0 0.0 0.0 0.0 0.0 0.0 0.0 0.0 0.0 0.0 0.0 0.0  
    0.0 0.0 0.0 
  P_RAD = 0.0 0.0 0.0 0.0 0.0 0.0 0.0 0.0 0.0 0.0 0.0 0.0 0.0 0.0 0.0  
    0.0 0.0 0.0 0.0 0.0 0.0 0.0 0.0 0.0 0.0 0.0 0.0 0.0 0.0 0.0 0.0 0.0  
    0.0 0.0 0.0 0.0 0.0 0.0 0.0 0.0 0.0 0.0 0.0 0.0 0.0 0.0 0.0 0.0 0.0  
    0.0 0.0 0.0 0.0 0.0 0.0 0.0 0.0 0.0 0.0 0.0 0.0 0.0 0.0 0.0 0.0 0.0  
    0.0 0.0 0.0 0.0 0.0 0.0 0.0 0.0 0.0 0.0 0.0 0.0 0.0 0.0 0.0 0.0 0.0  
    0.0 0.0 0.0 0.0 0.0 0.0 0.0 0.0 0.0 0.0 0.0 0.0 0.0 0.0 0.0 0.0 0.0  
    0.0 
  PI_NB = 0.0 0.0 0.0 0.0 0.0 0.0 0.0 0.0 0.0 0.0 0.0 0.0 0.0 0.0 0.0  
    0.0 0.0 0.0 0.0 0.0 0.0 0.0 0.0 0.0 0.0 0.0 0.0 0.0 0.0 0.0 0.0 0.0  
    0.0 0.0 0.0 0.0 0.0 0.0 0.0 0.0 0.0 0.0 0.0 0.0 0.0 0.0 0.0 0.0 0.0  
    0.0 0.0 0.0 0.0 0.0 0.0 0.0 0.0 0.0 0.0 0.0 0.0 0.0 0.0 0.0 0.0 0.0  
    0.0 0.0 0.0 0.0 0.0 0.0 0.0 0.0 0.0 0.0 0.0 0.0 0.0 0.0 0.0 0.0 0.0  
    0.0 0.0 0.0 0.0 0.0 0.0 0.0 0.0 0.0 0.0 0.0 0.0 0.0 0.0 0.0 0.0 0.0  
    0.0 
  PI_EC = 0.0 0.0 0.0 0.0 0.0 0.0 0.0 0.0 0.0 0.0 0.0 0.0 0.0 0.0 0.0  
    0.0 0.0 0.0 0.0 0.0 0.0 0.0 0.0 0.0 0.0 0.0 0.0 0.0 0.0 0.0 0.0 0.0  
    0.0 0.0 0.0 0.0 0.0 0.0 0.0 0.0 0.0 0.0 0.0 0.0 0.0 0.0 0.0 0.0 0.0  
    0.0 0.0 0.0 0.0 0.0 0.0 0.0 0.0 0.0 0.0 0.0 0.0 0.0 0.0 0.0 0.0 0.0  
    0.0 0.0 0.0 0.0 0.0 0.0 0.0 0.0 0.0 0.0 0.0 0.0 0.0 0.0 0.0 0.0 0.0  
    0.0 0.0 0.0 0.0 0.0 0.0 0.0 0.0 0.0 0.0 0.0 0.0 0.0 0.0 0.0 0.0 0.0  
    0.0 
  PI_IC = 0.0 0.0 0.0 0.0 0.0 0.0 0.0 0.0 0.0 0.0 0.0 0.0 0.0 0.0 0.0  
    0.0 0.0 0.0 0.0 0.0 0.0 0.0 0.0 0.0 0.0 0.0 0.0 0.0 0.0 0.0 0.0 0.0  
    0.0 0.0 0.0 0.0 0.0 0.0 0.0 0.0 0.0 0.0 0.0 0.0 0.0 0.0 0.0 0.0 0.0  
    0.0 0.0 0.0 0.0 0.0 0.0 0.0 0.0 0.0 0.0 0.0 0.0 0.0 0.0 0.0 0.0 0.0  
    0.0 0.0 0.0 0.0 0.0 0.0 0.0 0.0 0.0 0.0 0.0 0.0 0.0 0.0 0.0 0.0 0.0  
    0.0 0.0 0.0 0.0 0.0 0.0 0.0 0.0 0.0 0.0 0.0 0.0 0.0 0.0 0.0 0.0 0.0  
    0.0 
  PI_FUS = 0.0 0.0 0.0 0.0 0.0 0.0 0.0 0.0 0.0 0.0 0.0 0.0 0.0 0.0 0.0  
    0.0 0.0 0.0 0.0 0.0 0.0 0.0 0.0 0.0 0.0 0.0 0.0 0.0 0.0 0.0 0.0 0.0  
    0.0 0.0 0.0 0.0 0.0 0.0 0.0 0.0 0.0 0.0 0.0 0.0 0.0 0.0 0.0 0.0 0.0  
    0.0 0.0 0.0 0.0 0.0 0.0 0.0 0.0 0.0 0.0 0.0 0.0 0.0 0.0 0.0 0.0 0.0  
    0.0 0.0 0.0 0.0 0.0 0.0 0.0 0.0 0.0 0.0 0.0 0.0 0.0 0.0 0.0 0.0 0.0  
    0.0 0.0 0.0 0.0 0.0 0.0 0.0 0.0 0.0 0.0 0.0 0.0 0.0 0.0 0.0 0.0 0.0  
    0.0 
  PI_IONIZATION = 0.0 0.0 0.0 0.0 0.0 0.0 0.0 0.0 0.0 0.0 0.0 0.0 0.0  
    0.0 0.0 0.0 0.0 0.0 0.0 0.0 0.0 0.0 0.0 0.0 0.0 0.0 0.0 0.0 0.0 0.0  
    0.0 0.0 0.0 0.0 0.0 0.0 0.0 0.0 0.0 0.0 0.0 0.0 0.0 0.0 0.0 0.0 0.0  
    0.0 0.0 0.0 0.0 0.0 0.0 0.0 0.0 0.0 0.0 0.0 0.0 0.0 0.0 0.0 0.0 0.0  
    0.0 0.0 0.0 0.0 0.0 0.0 0.0 0.0 0.0 0.0 0.0 0.0 0.0 0.0 0.0 0.0 0.0  
    0.0 0.0 0.0 0.0 0.0 0.0 0.0 0.0 0.0 0.0 0.0 0.0 0.0 0.0 0.0 0.0 0.0  
    0.0 0.0 0.0 
  PI_CX = 0.0 0.0 0.0 0.0 0.0 0.0 0.0 0.0 0.0 0.0 0.0 0.0 0.0 0.0 0.0  
    0.0 0.0 0.0 0.0 0.0 0.0 0.0 0.0 0.0 0.0 0.0 0.0 0.0 0.0 0.0 0.0 0.0  
    0.0 0.0 0.0 0.0 0.0 0.0 0.0 0.0 0.0 0.0 0.0 0.0 0.0 0.0 0.0 0.0 0.0  
    0.0 0.0 0.0 0.0 0.0 0.0 0.0 0.0 0.0 0.0 0.0 0.0 0.0 0.0 0.0 0.0 0.0  
    0.0 0.0 0.0 0.0 0.0 0.0 0.0 0.0 0.0 0.0 0.0 0.0 0.0 0.0 0.0 0.0 0.0  
    0.0 0.0 0.0 0.0 0.0 0.0 0.0 0.0 0.0 0.0 0.0 0.0 0.0 0.0 0.0 0.0 0.0  
    0.0 
  P_OHM = 0.0 0.0 0.0 0.0 0.0 0.0 0.0 0.0 0.0 0.0 0.0 0.0 0.0 0.0 0.0  
    0.0 0.0 0.0 0.0 0.0 0.0 0.0 0.0 0.0 0.0 0.0 0.0 0.0 0.0 0.0 0.0 0.0  
    0.0 0.0 0.0 0.0 0.0 0.0 0.0 0.0 0.0 0.0 0.0 0.0 0.0 0.0 0.0 0.0 0.0  
    0.0 0.0 0.0 0.0 0.0 0.0 0.0 0.0 0.0 0.0 0.0 0.0 0.0 0.0 0.0 0.0 0.0  
    0.0 0.0 0.0 0.0 0.0 0.0 0.0 0.0 0.0 0.0 0.0 0.0 0.0 0.0 0.0 0.0 0.0  
    0.0 0.0 0.0 0.0 0.0 0.0 0.0 0.0 0.0 0.0 0.0 0.0 0.0 0.0 0.0 0.0 0.0  
    0.0 
  P_EI = 0.0 0.0 0.0 0.0 0.0 0.0 0.0 0.0 0.0 0.0 0.0 0.0 0.0 0.0 0.0  
    0.0 0.0 0.0 0.0 0.0 0.0 0.0 0.0 0.0 0.0 0.0 0.0 0.0 0.0 0.0 0.0 0.0  
    0.0 0.0 0.0 0.0 0.0 0.0 0.0 0.0 0.0 0.0 0.0 0.0 0.0 0.0 0.0 0.0 0.0  
    0.0 0.0 0.0 0.0 0.0 0.0 0.0 0.0 0.0 0.0 0.0 0.0 0.0 0.0 0.0 0.0 0.0  
    0.0 0.0 0.0 0.0 0.0 0.0 0.0 0.0 0.0 0.0 0.0 0.0 0.0 0.0 0.0 0.0 0.0  
    0.0 0.0 0.0 0.0 0.0 0.0 0.0 0.0 0.0 0.0 0.0 0.0 0.0 0.0 0.0 0.0 0.0  
    0.0 
  TORQUE_NB = 0.0 0.0 0.0 0.0 0.0 0.0 0.0 0.0 0.0 0.0 0.0 0.0 0.0 0.0  
    0.0 0.0 0.0 0.0 0.0 0.0 0.0 0.0 0.0 0.0 0.0 0.0 0.0 0.0 0.0 0.0 0.0  
    0.0 0.0 0.0 0.0 0.0 0.0 0.0 0.0 0.0 0.0 0.0 0.0 0.0 0.0 0.0 0.0 0.0  
    0.0 0.0 0.0 0.0 0.0 0.0 0.0 0.0 0.0 0.0 0.0 0.0 0.0 0.0 0.0 0.0 0.0  
    0.0 0.0 0.0 0.0 0.0 0.0 0.0 0.0 0.0 0.0 0.0 0.0 0.0 0.0 0.0 0.0 0.0  
    0.0 0.0 0.0 0.0 0.0 0.0 0.0 0.0 0.0 0.0 0.0 0.0 0.0 0.0 0.0 0.0 0.0  
    0.0 0.0 
  TORQUE_IN = 0.0 0.0 0.0 0.0 0.0 0.0 0.0 0.0 0.0 0.0 0.0 0.0 0.0 0.0  
    0.0 0.0 0.0 0.0 0.0 0.0 0.0 0.0 0.0 0.0 0.0 0.0 0.0 0.0 0.0 0.0 0.0  
    0.0 0.0 0.0 0.0 0.0 0.0 0.0 0.0 0.0 0.0 0.0 0.0 0.0 0.0 0.0 0.0 0.0  
    0.0 0.0 0.0 0.0 0.0 0.0 0.0 0.0 0.0 0.0 0.0 0.0 0.0 0.0 0.0 0.0 0.0  
    0.0 0.0 0.0 0.0 0.0 0.0 0.0 0.0 0.0 0.0 0.0 0.0 0.0 0.0 0.0 0.0 0.0  
    0.0 0.0 0.0 0.0 0.0 0.0 0.0 0.0 0.0 0.0 0.0 0.0 0.0 0.0 0.0 0.0 0.0  
    0.0 0.0 
  SE_NB = 0.0 0.0 0.0 0.0 0.0 0.0 0.0 0.0 0.0 0.0 0.0 0.0 0.0 0.0 0.0  
    0.0 0.0 0.0 0.0 0.0 0.0 0.0 0.0 0.0 0.0 0.0 0.0 0.0 0.0 0.0 0.0 0.0  
    0.0 0.0 0.0 0.0 0.0 0.0 0.0 0.0 0.0 0.0 0.0 0.0 0.0 0.0 0.0 0.0 0.0  
    0.0 0.0 0.0 0.0 0.0 0.0 0.0 0.0 0.0 0.0 0.0 0.0 0.0 0.0 0.0 0.0 0.0  
    0.0 0.0 0.0 0.0 0.0 0.0 0.0 0.0 0.0 0.0 0.0 0.0 0.0 0.0 0.0 0.0 0.0  
    0.0 0.0 0.0 0.0 0.0 0.0 0.0 0.0 0.0 0.0 0.0 0.0 0.0 0.0 0.0 0.0 0.0  
    0.0 
  SE_IONIZATION = 0.0 0.0 0.0 0.0 0.0 0.0 0.0 0.0 0.0 0.0 0.0 0.0 0.0  
    0.0 0.0 0.0 0.0 0.0 0.0 0.0 0.0 0.0 0.0 0.0 0.0 0.0 0.0 0.0 0.0 0.0  
    0.0 0.0 0.0 0.0 0.0 0.0 0.0 0.0 0.0 0.0 0.0 0.0 0.0 0.0 0.0 0.0 0.0  
    0.0 0.0 0.0 0.0 0.0 0.0 0.0 0.0 0.0 0.0 0.0 0.0 0.0 0.0 0.0 0.0 0.0  
    0.0 0.0 0.0 0.0 0.0 0.0 0.0 0.0 0.0 0.0 0.0 0.0 0.0 0.0 0.0 0.0 0.0  
    0.0 0.0 0.0 0.0 0.0 0.0 0.0 0.0 0.0 0.0 0.0 0.0 0.0 0.0 0.0 0.0 0.0  
    0.0 0.0 0.0 
  SI_NB = 0.0 0.0 0.0 0.0 0.0 0.0 0.0 0.0 0.0 0.0 0.0 0.0 0.0 0.0 0.0  
    0.0 0.0 0.0 0.0 0.0 0.0 0.0 0.0 0.0 0.0 0.0 0.0 0.0 0.0 0.0 0.0 0.0  
    0.0 0.0 0.0 0.0 0.0 0.0 0.0 0.0 0.0 0.0 0.0 0.0 0.0 0.0 0.0 0.0 0.0  
    0.0 0.0 0.0 0.0 0.0 0.0 0.0 0.0 0.0 0.0 0.0 0.0 0.0 0.0 0.0 0.0 0.0  
    0.0 0.0 0.0 0.0 0.0 0.0 0.0 0.0 0.0 0.0 0.0 0.0 0.0 0.0 0.0 0.0 0.0  
    0.0 0.0 0.0 0.0 0.0 0.0 0.0 0.0 0.0 0.0 0.0 0.0 0.0 0.0 0.0 0.0 0.0  
    0.0 
  SI_IONIZATION = 0.0 0.0 0.0 0.0 0.0 0.0 0.0 0.0 0.0 0.0 0.0 0.0 0.0  
    0.0 0.0 0.0 0.0 0.0 0.0 0.0 0.0 0.0 0.0 0.0 0.0 0.0 0.0 0.0 0.0 0.0  
    0.0 0.0 0.0 0.0 0.0 0.0 0.0 0.0 0.0 0.0 0.0 0.0 0.0 0.0 0.0 0.0 0.0  
    0.0 0.0 0.0 0.0 0.0 0.0 0.0 0.0 0.0 0.0 0.0 0.0 0.0 0.0 0.0 0.0 0.0  
    0.0 0.0 0.0 0.0 0.0 0.0 0.0 0.0 0.0 0.0 0.0 0.0 0.0 0.0 0.0 0.0 0.0  
    0.0 0.0 0.0 0.0 0.0 0.0 0.0 0.0 0.0 0.0 0.0 0.0 0.0 0.0 0.0 0.0 0.0  
    0.0 0.0 0.0 
  Q = 0.0 0.0 0.0 0.0 0.0 0.0 0.0 0.0 0.0 0.0 0.0 0.0 0.0 0.0 0.0 0.0  
    0.0 0.0 0.0 0.0 0.0 0.0 0.0 0.0 0.0 0.0 0.0 0.0 0.0 0.0 0.0 0.0 0.0  
    0.0 0.0 0.0 0.0 0.0 0.0 0.0 0.0 0.0 0.0 0.0 0.0 0.0 0.0 0.0 0.0 0.0  
    0.0 0.0 0.0 0.0 0.0 0.0 0.0 0.0 0.0 0.0 0.0 0.0 0.0 0.0 0.0 0.0 0.0  
    0.0 0.0 0.0 0.0 0.0 0.0 0.0 0.0 0.0 0.0 0.0 0.0 0.0 0.0 0.0 0.0 0.0  
    0.0 0.0 0.0 0.0 0.0 0.0 0.0 0.0 0.0 0.0 0.0 0.0 0.0 0.0 0.0 0.0 0.0 
  PSIPOL = 0.0 0.0 0.0 0.0 0.0 0.0 0.0 0.0 0.0 0.0 0.0 0.0 0.0 0.0 0.0  
    0.0 0.0 0.0 0.0 0.0 0.0 0.0 0.0 0.0 0.0 0.0 0.0 0.0 0.0 0.0 0.0 0.0  
    0.0 0.0 0.0 0.0 0.0 0.0 0.0 0.0 0.0 0.0 0.0 0.0 0.0 0.0 0.0 0.0 0.0  
    0.0 0.0 0.0 0.0 0.0 0.0 0.0 0.0 0.0 0.0 0.0 0.0 0.0 0.0 0.0 0.0 0.0  
    0.0 0.0 0.0 0.0 0.0 0.0 0.0 0.0 0.0 0.0 0.0 0.0 0.0 0.0 0.0 0.0 0.0  
    0.0 0.0 0.0 0.0 0.0 0.0 0.0 0.0 0.0 0.0 0.0 0.0 0.0 0.0 0.0 0.0 0.0  
    0.0 
  DENSITY_BEAM = 0.0 0.0 0.0 0.0 0.0 0.0 0.0 0.0 0.0 0.0 0.0 0.0 0.0  
    0.0 0.0 0.0 0.0 0.0 0.0 0.0 0.0 0.0 0.0 0.0 0.0 0.0 0.0 0.0 0.0 0.0  
    0.0 0.0 0.0 0.0 0.0 0.0 0.0 0.0 0.0 0.0 0.0 0.0 0.0 0.0 0.0 0.0 0.0  
    0.0 0.0 0.0 0.0 0.0 0.0 0.0 0.0 0.0 0.0 0.0 0.0 0.0 0.0 0.0 0.0 0.0  
    0.0 0.0 0.0 0.0 0.0 0.0 0.0 0.0 0.0 0.0 0.0 0.0 0.0 0.0 0.0 0.0 0.0  
    0.0 0.0 0.0 0.0 0.0 0.0 0.0 0.0 0.0 0.0 0.0 0.0 0.0 0.0 0.0 0.0 0.0  
    0.0 0.0 0.0 
  WBEAM = 0.0 0.0 0.0 0.0 0.0 0.0 0.0 0.0 0.0 0.0 0.0 0.0 0.0 0.0 0.0  
    0.0 0.0 0.0 0.0 0.0 0.0 0.0 0.0 0.0 0.0 0.0 0.0 0.0 0.0 0.0 0.0 0.0  
    0.0 0.0 0.0 0.0 0.0 0.0 0.0 0.0 0.0 0.0 0.0 0.0 0.0 0.0 0.0 0.0 0.0  
    0.0 0.0 0.0 0.0 0.0 0.0 0.0 0.0 0.0 0.0 0.0 0.0 0.0 0.0 0.0 0.0 0.0  
    0.0 0.0 0.0 0.0 0.0 0.0 0.0 0.0 0.0 0.0 0.0 0.0 0.0 0.0 0.0 0.0 0.0  
    0.0 0.0 0.0 0.0 0.0 0.0 0.0 0.0 0.0 0.0 0.0 0.0 0.0 0.0 0.0 0.0 0.0  
    0.0 
  DENSITY_ALPHA = 0.0 0.0 0.0 0.0 0.0 0.0 0.0 0.0 0.0 0.0 0.0 0.0 0.0  
    0.0 0.0 0.0 0.0 0.0 0.0 0.0 0.0 0.0 0.0 0.0 0.0 0.0 0.0 0.0 0.0 0.0  
    0.0 0.0 0.0 0.0 0.0 0.0 0.0 0.0 0.0 0.0 0.0 0.0 0.0 0.0 0.0 0.0 0.0  
    0.0 0.0 0.0 0.0 0.0 0.0 0.0 0.0 0.0 0.0 0.0 0.0 0.0 0.0 0.0 0.0 0.0  
    0.0 0.0 0.0 0.0 0.0 0.0 0.0 0.0 0.0 0.0 0.0 0.0 0.0 0.0 0.0 0.0 0.0  
    0.0 0.0 0.0 0.0 0.0 0.0 0.0 0.0 0.0 0.0 0.0 0.0 0.0 0.0 0.0 0.0 0.0  
    0.0 0.0 0.0 
  WALPHA = 0.0 0.0 0.0 0.0 0.0 0.0 0.0 0.0 0.0 0.0 0.0 0.0 0.0 0.0 0.0  
    0.0 0.0 0.0 0.0 0.0 0.0 0.0 0.0 0.0 0.0 0.0 0.0 0.0 0.0 0.0 0.0 0.0  
    0.0 0.0 0.0 0.0 0.0 0.0 0.0 0.0 0.0 0.0 0.0 0.0 0.0 0.0 0.0 0.0 0.0  
    0.0 0.0 0.0 0.0 0.0 0.0 0.0 0.0 0.0 0.0 0.0 0.0 0.0 0.0 0.0 0.0 0.0  
    0.0 0.0 0.0 0.0 0.0 0.0 0.0 0.0 0.0 0.0 0.0 0.0 0.0 0.0 0.0 0.0 0.0  
    0.0 0.0 0.0 0.0 0.0 0.0 0.0 0.0 0.0 0.0 0.0 0.0 0.0 0.0 0.0 0.0 0.0  
    0.0 
  CHIE = 0.0 0.0 0.0 0.0 0.0 0.0 0.0 0.0 0.0 0.0 0.0 0.0 0.0 0.0 0.0  
    0.0 0.0 0.0 0.0 0.0 0.0 0.0 0.0 0.0 0.0 0.0 0.0 0.0 0.0 0.0 0.0 0.0  
    0.0 0.0 0.0 0.0 0.0 0.0 0.0 0.0 0.0 0.0 0.0 0.0 0.0 0.0 0.0 0.0 0.0  
    0.0 0.0 0.0 0.0 0.0 0.0 0.0 0.0 0.0 0.0 0.0 0.0 0.0 0.0 0.0 0.0 0.0  
    0.0 0.0 0.0 0.0 0.0 0.0 0.0 0.0 0.0 0.0 0.0 0.0 0.0 0.0 0.0 0.0 0.0  
    0.0 0.0 0.0 0.0 0.0 0.0 0.0 0.0 0.0 0.0 0.0 0.0 0.0 0.0 0.0 0.0 0.0  
    0.0 
  CHII = 0.0 0.0 0.0 0.0 0.0 0.0 0.0 0.0 0.0 0.0 0.0 0.0 0.0 0.0 0.0  
    0.0 0.0 0.0 0.0 0.0 0.0 0.0 0.0 0.0 0.0 0.0 0.0 0.0 0.0 0.0 0.0 0.0  
    0.0 0.0 0.0 0.0 0.0 0.0 0.0 0.0 0.0 0.0 0.0 0.0 0.0 0.0 0.0 0.0 0.0  
    0.0 0.0 0.0 0.0 0.0 0.0 0.0 0.0 0.0 0.0 0.0 0.0 0.0 0.0 0.0 0.0 0.0  
    0.0 0.0 0.0 0.0 0.0 0.0 0.0 0.0 0.0 0.0 0.0 0.0 0.0 0.0 0.0 0.0 0.0  
    0.0 0.0 0.0 0.0 0.0 0.0 0.0 0.0 0.0 0.0 0.0 0.0 0.0 0.0 0.0 0.0 0.0  
    0.0 
  NBDRY = 90 
  RBDRY = 1.05634222 1.05639996 1.06269868 1.07141975 1.08385692  
    1.1000164 1.11890625 1.1341728 1.15722434 1.17261232 1.19460832  
    1.211875 1.22610043 1.24169665 1.25570045 1.26972697 1.27930366  
    1.33140625 1.37125 1.424375 1.46421875 1.5118196 1.5571875  
    1.59703125 1.636875 1.67671875 1.72008281 1.76041233 1.79720795  
    1.83609375 1.8759375 1.91578125 1.94597403 1.9821875 2.01429316  
    2.04859375 2.07515625 2.1036932 2.13224766 2.15761396 2.18140625  
    2.20796875 2.22926957 2.2478125 2.26630377 2.27989047 2.28441814  
    2.274375 2.26109375 2.24361228 2.22125 2.20302655 2.18140625  
    2.15563822 2.13322947 2.10797315 2.07923087 2.04859375 2.02203125  
    1.98566934 1.955625 1.91578125 1.8793738 1.84568247 1.80810561  
    1.76480914 1.7165625 1.67671875 1.636875 1.58375 1.54390625  
    1.49078125 1.43765625 1.38453125 1.3446875 1.31411417 1.28453926  
    1.26289977 1.2384375 1.21838979 1.19859375 1.17489679 1.15740516  
    1.1321875 1.11675568 1.09684793 1.08135547 1.06995527 1.06210299  
    1.05634222 
  ZBDRY = -0.05 0.05 0.15 0.225 0.3 0.375 0.447303302 0.5 0.575 0.625  
    0.7 0.765339313 0.825 0.9 0.975 1.05 1.09820773 1.08593988  
    1.07371992 1.05718619 1.04310478 1.025 1.00675095 0.989115021  
    0.97003633 0.949357354 0.925 0.9 0.875 0.846185359 0.814125747  
    0.779104729 0.75 0.712019609 0.675 0.63156812 0.594042447 0.55 0.5  
    0.45 0.397182783 0.332848886 0.275 0.218246144 0.15 0.075 -0.025  
    -0.120940836 -0.185094344 -0.25 -0.3213249 -0.375 -0.43489406 -0.5  
    -0.55 -0.6 -0.65 -0.696042292 -0.731733794 -0.775 -0.806894271  
    -0.844460814 -0.875 -0.9 -0.925 -0.95 -0.973929747 -0.990804864  
    -1.00550309 -1.02113899 -1.030706 -1.03866312 -1.03996589  
    -1.02970007 -1.0074185 -0.975 -0.925 -0.875 -0.808386115 -0.75  
    -0.692751668 -0.625 -0.575 -0.500003614 -0.45 -0.375 -0.3 -0.225  
    -0.15 -0.05 
  NLIM = 85 
  RLIM = 1.016 1.016 1.016 1.016 1.016 1.016 1.016 1.016 1.016 1.016  
    1.016 1.012 1.001 1.029 1.042 1.046 1.056 1.097 1.108 1.116 1.134  
    1.148 1.162 1.181 1.182 1.185 1.19 1.195 1.201 1.209 1.215 1.222  
    1.228 1.234 1.239 1.242 1.248 1.258 1.263 1.28 1.28 1.28 1.31 1.328  
    1.361 1.38 1.419 1.419 1.372 1.372 1.608 1.647 1.785 2.07 2.128  
    2.245 2.299 2.275 2.254 2.361 2.36497 2.36532 2.36512 2.36484  
    2.36433 2.3625 2.377 2.134 1.786 1.768 1.768 1.682 1.372 1.372 1.42  
    1.42 1.273 1.153 1.016 1.016 1.016 1.016 1.016 1.016 1.016 
  ZLIM = 0.0 0.964 0.968 1.001 1.019 1.077 1.07 1.096 1.113 1.138 1.147  
    1.165 1.217 1.217 1.1624 1.16238 1.1626 1.1645 1.16594 1.16591  
    1.16896 1.17175 1.17556 1.183 1.1835 1.185 1.188 1.191 1.196 1.202  
    1.208 1.214 1.221 1.231 1.238 1.244 1.254 1.278 1.29 1.331 1.347  
    1.348 1.348 1.348 1.348 1.348 1.348 1.31 1.31 1.292 1.095 1.077  
    1.077 1.04 0.993 0.709 0.5787 0.5787 0.4501 0.1856 0.133 0.044  
    -0.044 -0.133 -0.222 -0.4 -0.389 -0.973 -1.174 -1.211 -1.25 -1.25  
    -1.25 -1.329 -1.329 -1.363 -1.363 -1.363 -1.223 -1.223 -0.83 -0.8  
    -0.415 -0.4 -0.001 
/

