&NUBEAM_RUN
  DT_NUBEAM = 0.02 
  NSTEP = 20  
  NAVG = 10 
/

&NBI_CONFIG

  NBEAM = 20 
  ABEAMA = 
    2.0 2.0 
    2.0 2.0 2.0 2.0 
    2.0 2.0 2.0 2.0 
    2.0 2.0 2.0 2.0 
    2.0 2.0 2.0 2.0 
    2.0 2.0 
  XZBEAMA = 
    1.0 1.0 
    1.0 1.0 1.0 1.0 
    1.0 1.0 1.0 1.0 
    1.0 1.0 1.0 1.0 
    1.0 1.0 1.0 1.0 
    1.0 1.0 
  NLCO = 
    .true. .true. 
    .true. .true. .true. .true. 
    .true. .true. .true. .true. 
    .true. .true. .true. .true. 
    .true. .true. .true. .true. 
    .true. .true. 
! NLCO = 
!    .true. .true. 
!    .true. .true. .true. .true. 
!    .true. .true. .true. .true. 
!    .false. .false. .false. .false.
!    .false. .false. .false. .false.
!    .false. .false. 
  NBSHAPA = 
    1 1 
    1 1 1 1 
    1 1 1 1 
    1 1 1 1 
    1 1 1 1 
    1 1 
  BMWIDRA = 
    6.0 6.0 
    5.0 5.0 5.0 5.0 
    5.0 5.0 5.0 5.0 
    6.0 6.0 6.0 6.0 
    6.0 6.0 6.0 6.0 
    6.0 6.0 
  BMWIDZA = 
    24.0 24.0 
    6.0 6.0 6.0 6.0 
    6.0 6.0 6.0 6.0 
    6.0 6.0 6.0 6.0  
    6.0 6.0 6.0 6.0 
    24.0 24.0 
  FOCLRA = 
    1e+33 1e+33 
    1e+33 1e+33 1e+33 1e+33 
    1e+33 1e+33 1e+33 1e+33  
    1e+33 1e+33 1e+33 1e+33 
    1e+33 1e+33 1e+33 1e+33 
    1e+33 1e+33 
  FOCLZA = 
    1000.0 1000.0 
    1e+33 1e+33 1e+33 1e+33 
    1e+33 1e+33 1e+33 1e+33 
    1e+33 1e+33 1e+33 1e+33 
    1e+33 1e+33 1e+33 1e+33 
    1000.0 1000.0 
  DIVRA = 
    0.00873 0.00873 
    0.00872664625997 0.00872664625997 0.00872664625997 0.00872664625997 
    0.00872664625997 0.00872664625997 0.00872664625997 0.00872664625997 
    0.00872664625997 0.00872664625997 0.00872664625997 0.00872664625997 
    0.00872664625997 0.00872664625997 0.00872664625997 0.00872664625997 
    0.00873 0.00873 
  DIVZA = 
    0.0227 0.0227 
    0.0174532925199 0.0174532925199 0.0174532925199 0.0174532925199 
    0.0226892802759 0.0226892802759 0.0226892802759 0.0226892802759 
  ! 0.0174532925199 0.0174532925199 0.0174532925199 0.0174532925199 
  ! 0.0226892802759 0.0226892802759 0.0226892802759 0.0226892802759 
    0.0174532925199 0.0174532925199 0.0174532925199 0.0174532925199 
    0.0174532925199 0.0174532925199 0.0174532925199 0.0174532925199 
    0.0227 0.0227 
  RTCENA = 
    114.6 76.2 
    118.66674360 118.658613992 118.651134575 118.644143954 
    72.262028179 72.2546646496 72.0884129116 71.9637792306 
  ! 118.16818056 118.183307449 118.004912859 117.921678582 
  ! 72.489195379 72.4706994722 72.6962791563 72.6738460508 
    122.374448489 122.294110351 122.213102911 122.094037565  
    77.6895756947 77.7899765492 77.8880821181 77.9884266001 
    114.6 76.2 
  XLBTNA = 
    802.8 817.3 
    856.6113441 856.01563072 854.712655345 854.10814940 
    871.7623817 870.96702815 869.701286125 868.92204263  
  ! 856.6574506 855.78249793 854.232703856 853.49299612  
  ! 873.5139187 872.47551414 870.665378191 869.75847411 
    849.323941386 848.642847687 847.354076392 846.767441929  
    866.427437529 865.597696653 864.041331729 863.241623191 
    802.8 817.3 
  XYBSCA = 
    0.0 0.0 
    189.600017265 178.100006382 166.699997172 155.099995441 
    189.700589659 178.299867314 166.800017192 155.079236441 
  ! 232.8 221.6 210.4 199.1 
  ! 232.8 221.6 210.4 199.1 
    205.3 194.0 182.6 171.2 
    205.3 194.0 182.6 171.2 
    0.0 0.0 
  XLBAPA = 
    186.1 186.1 
    482.89948129  482.970912303 482.970912303 482.89948129 
    482.893223796 482.964656665 482.964656665 482.893223796 
  ! 447.881226059 447.963044034 447.963044034 447.881226059 
  ! 447.881226059 447.963044034 447.963044034 447.881226059 
    447.881226059 447.963044034 447.963044034 447.881226059  
    447.881226059 447.963044034 447.963044034 447.881226059 
    186.1 186.1 
  XYBAPA = 
    0.0 0.0 
    39.1837687414 35.2862796421 32.7303142391 28.8598899217 
    41.6509003065 37.7564804166 35.0206009751 31.1126568626 
  ! 63.3026785425 58.9633515778 55.8204030356 51.5040798422 
  ! 63.3164230698 59.0066486827 55.8023038174 51.5278709245 
    54.7339815135 50.3887009335 47.1767381528 42.8692944519  
    54.7467092823 50.4002544797 47.1972415443 42.8408620417 
    0.0 0.0 
  NBAPSHA = 
    1 1 
    1 1 1 1 
    1 1 1 1 
    1 1 1 1 
    1 1 1 1 
    1 1 
  RAPEDGA = 
    8.85 8.85 
    14.3349671304 14.3349671304 14.3349671304 14.3349671304 
    14.3349671304 14.3349671304 14.3349671304 14.3349671304 
  ! 14.5583277758 14.5583277758 14.5583277758 14.5583277758 
  ! 14.5583277758 14.5583277758 14.5583277758 14.5583277758 
    14.5583277758 14.5583277758 14.5583277758 14.5583277758  
    14.5583277758 14.5583277758 14.5583277758 14.5583277758 
    8.85 8.85 
  XZPEDGA = 
    24.0 24.0 
    18.9834926013 18.9891250731 18.9891250731 18.9834926013 
    18.9834926013 18.9891250731 18.9891250731 18.9834926013 
  ! 20.892838092 20.8990370737 20.8990370737 20.892838092  
  ! 20.892838092 20.8990370737 20.8990370737 20.892838092 
    20.892838092 20.8990370737 20.8990370737 20.892838092  
    20.892838092 20.8990370737 20.8990370737 20.892838092 
    24.0 24.0 
  XRAPOFFA = 
    0.0 0.0 
    2.11893469339 2.11893469339 2.11893469339 2.11893469339 
    2.11893469339 2.11893469339 2.11893469339 2.11893469339 
  ! 8.47573877356 8.47573877356 8.47573877356 8.47573877356 
  ! 8.47573877356 8.47573877356 8.47573877356 8.47573877356 
    8.47573877356 8.47573877356 8.47573877356 8.47573877356  
    8.47573877356 8.47573877356 8.47573877356 8.47573877356 
    0.0 0.0 
  XZAPOFFA = 
    0.0 0.0 
    -4.505819941   -0.51439131475  2.21269668832 6.20362157059 
    -6.96333313764 -2.97252991615 -0.24532182083 3.74643586587 
  ! -6.27107769253 -1.69957476884  1.69957476884 6.27107769253 
  ! -6.27107769253 -1.69957476884  1.69957476884 6.27107769253 
    -6.27107769253 -1.69957476884 1.69957476884 6.27107769253  
    -6.27107769253 -1.69957476884 1.69957476884 6.27107769253 
    0.0 0.0 
  NBAPSH2 = 
    0 0 
    1 1 1 1 
    1 1 1 1 
    0 0 0 0 
    0 0 0 0 
    0 0 
  RAPEDG2 = 
    0.0 0.0 
    50.0 50.0 50.0 50.0 
    50.0 50.0 50.0 50.0 
    0.0 0.0 0.0 0.0 
    0.0 0.0 0.0 0.0 
    0.0 0.0 
  XZPEDG2 = 
    0.0 0.0 
    50.0 50.0 50.0 50.0 
    50.0 50.0 50.0 50.0 
    0.0 0.0 0.0 0.0 
    0.0 0.0 0.0 0.0 
    0.0 0.0 
  XLBAPA2 = 
    0.0 0.0 
    631.527271589 632.112123465 632.081242432 632.502923942 
    626.257175248 626.711853853 626.74660585  627.041659961 
    0.0 0.0 0.0 0.0 
    0.0 0.0 0.0 0.0 
    0.0 0.0 
  XRAPOFF2 = 
    0.0 0.0 
    0.0 0.0 0.0 0.0  
    0.0 0.0 0.0 0.0  
    0.0 0.0 0.0 0.0  
    0.0 0.0 0.0 0.0 
    0.0 0.0
  XZAPOFF2 = 
    0.0 0.0 
    29.6616519606 31.3645380964 31.1809005682 32.7996041203 
    24.8528920245 26.6241539187 26.7610509994 28.442601655 
    0.0 0.0 0.0 0.0 
    0.0 0.0 0.0 0.0 
    0.0 0.0 
  PINJA = 
    3000000.0 3000000.0 
!   1200000.0 1200000.0 1200000.0 1200000.0  
!   1200000.0 1200000.0 1200000.0 1200000.0 
    0.0 0.0 0.0 0.0 
    0.0 0.0 0.0 0.0 
    0.0 0.0 0.0 0.0 
    0.0 0.0 0.0 0.0 
    0.0 0.0 
  EINJA = 
   2*120.0e3
   4*120.0e3
   4*120.0e3
   4*120.0e3
   4*120.0e3
   2*120.0e3
  FFULLA = 
    0.55368532546 0.55368532546 
    0.55368532546 0.55368532546 0.55368532546 0.55368532546 
    0.55368532546 0.55368532546 0.55368532546 0.55368532546 
    0.55368532546 0.55368532546 0.55368532546 0.55368532546 
    0.55368532546 0.55368532546 0.55368532546 0.55368532546 
    0.55368532546 0.55368532546 
  FHALFA = 
    0.300000036534 0.300000036534 
    0.300000036534 0.300000036534 0.300000036534 0.300000036534 
    0.300000036534 0.300000036534 0.300000036534 0.300000036534 
    0.300000036534 0.300000036534 0.300000036534 0.300000036534 
    0.300000036534 0.300000036534 0.300000036534 0.300000036534 
    0.300000036534 0.300000036534 
/

&NBI_MODEL
  DIFB_0 = 0.0
  DIFB_A = 0.0
  DIFB_IN = 2.0 
  DIFB_OUT = 1.0 
  NKDIFB = 3 
/

&NBI_INIT
  WGHTA = 20.0 
  NZONES = 20 
  NZONE_FB = 10 
  NZNBMA = 50 
  NZNBME = 100 
  NPTCLS = 10000 ! 20000 !25000 
  NDEP0 = 10000 ! 20000 !25000 
  NSIGEXC = 1 
  NMCURB = 4 ! 1 
  NSEED = 410338673 
  NLTEST_OUTPUT = 0 
  NSDBGB = 2 
/

&NBI_UPDATE
  NLTEST_OUTPUT = 0 
  NBBCX_BB = 0 
/

