:TIME_ID:str  modeleq_init:R0:float modeleq_init:A0:float modeleq_init:KAPPA:float modeleq_init:DELTA:float modeleq_init:B0:float modeleq_init:IP:float modeleq_init:BETAN_PED:float modeleq_init:XMID:float modeleq_init:XWID:float modeleq_init:NE_AXIS:float modeleq_init:NE_PED:float modeleq_init:NE_SEP:float modeleq_init:NE_ALPHA:float modeleq_init:NE_BETA:float modeleq_init:TE_AXIS:float modeleq_init:TE_PED:float modeleq_init:TE_SEP:float modeleq_init:TE_ALPHA:float modeleq_init:TE_BETA:float modeleq_init:TI_AXIS:float modeleq_init:TI_PED:float modeleq_init:TI_SEP:float modeleq_init:TI_ALPHA:float modeleq_init:TI_BETA:float modeleq_init:OMEGA_AXIS:float modeleq_init:OMEGA_SEP:float modeleq_init:OMEGA_ALPHA:float modeleq_init:OMEGA_BETA:float modeleq_init:ZEFF_AXIS:float modeleq_init:BETAN:float modeleq_init:BETAN_TH:float modeleq_init:ARATIO:float modeleq_init:Q95:float modeleq_init:FGW_PED:float
 00000 1.973345e+00 7.175279e-01 1.821362e+00 6.127329e-01 3.985059e+00 2.622106e+00 7.717908e-01 9.700000e-01 6.000000e-02 1.967606e+01 1.037324e+01 5.186618e+00 1.500000e+00 1.100000e+00 1.270710e+01 1.345548e+00 7.000000e-02 1.500000e+00 1.100000e+00 1.270710e+01 1.345548e+00 7.000000e-02 1.500000e+00 1.100000e+00 0.000000e+00 0.000000e+00 2.000000e+00 2.000000e+00 1.700000e+00 3.620550e+00 3.620550e+00 2.750199e+00 6.439485e+00 6.398696e-01 
 00001 1.492200e+00 6.311557e-01 1.896062e+00 6.049714e-01 6.915702e+00 8.256953e+00 9.113675e-01 9.700000e-01 6.000000e-02 6.032792e+01 3.398218e+01 1.699109e+01 1.500000e+00 1.100000e+00 2.888351e+01 3.013210e+00 7.000000e-02 1.500000e+00 1.100000e+00 2.888351e+01 3.013210e+00 7.000000e-02 1.500000e+00 1.100000e+00 0.000000e+00 0.000000e+00 2.000000e+00 2.000000e+00 1.700000e+00 4.339520e+00 4.339520e+00 2.364234e+00 4.018491e+00 5.150559e-01 
 00002 1.941754e+00 7.102787e-01 1.934176e+00 6.322238e-01 5.546501e+00 4.453846e+00 6.004295e-01 9.700000e-01 6.000000e-02 1.865480e+01 1.022731e+01 5.113654e+00 1.500000e+00 1.100000e+00 2.636834e+01 2.535676e+00 7.000000e-02 1.500000e+00 1.100000e+00 2.636834e+01 2.535676e+00 7.000000e-02 1.500000e+00 1.100000e+00 0.000000e+00 0.000000e+00 2.000000e+00 2.000000e+00 1.700000e+00 3.101549e+00 3.101549e+00 2.733792e+00 5.889421e+00 3.639432e-01 
 00003 1.554765e+00 5.891754e-01 1.713831e+00 5.853514e-01 5.733198e+00 2.848357e+00 9.168005e-01 9.700000e-01 6.000000e-02 4.352663e+01 2.257042e+01 1.128521e+01 1.500000e+00 1.100000e+00 1.046719e+01 1.398137e+00 7.000000e-02 1.500000e+00 1.100000e+00 1.046719e+01 1.398137e+00 7.000000e-02 1.500000e+00 1.100000e+00 0.000000e+00 0.000000e+00 2.000000e+00 2.000000e+00 1.700000e+00 3.409439e+00 3.409439e+00 2.638884e+00 6.547394e+00 8.641402e-01 
 00004 1.825985e+00 6.232428e-01 1.809107e+00 5.590988e-01 6.036942e+00 2.821386e+00 6.700795e-01 9.700000e-01 6.000000e-02 9.628718e+00 5.927766e+00 2.963883e+00 1.500000e+00 1.100000e+00 4.795703e+01 3.836412e+00 7.000000e-02 1.500000e+00 1.100000e+00 4.795703e+01 3.836412e+00 7.000000e-02 1.500000e+00 1.100000e+00 0.000000e+00 0.000000e+00 2.000000e+00 2.000000e+00 1.700000e+00 4.160841e+00 4.160841e+00 2.929814e+00 6.997144e+00 2.563852e-01 
 00005 1.444357e+00 5.975596e-01 1.942300e+00 5.615192e-01 4.980888e+00 3.622900e+00 7.274515e-01 9.700000e-01 6.000000e-02 2.730884e+01 1.693769e+01 8.468846e+00 1.500000e+00 1.100000e+00 1.292542e+01 1.610643e+00 7.000000e-02 1.500000e+00 1.100000e+00 1.292542e+01 1.610643e+00 7.000000e-02 1.500000e+00 1.100000e+00 0.000000e+00 0.000000e+00 2.000000e+00 2.000000e+00 1.700000e+00 2.899859e+00 2.899859e+00 2.417093e+00 6.139447e+00 5.244574e-01 
 00006 1.720924e+00 5.854290e-01 1.861324e+00 5.351937e-01 4.147918e+00 2.256645e+00 9.635435e-01 9.700000e-01 6.000000e-02 2.910559e+01 1.844473e+01 9.222366e+00 1.500000e+00 1.100000e+00 6.165846e+00 1.037256e+00 7.000000e-02 1.500000e+00 1.100000e+00 6.165846e+00 1.037256e+00 7.000000e-02 1.500000e+00 1.100000e+00 0.000000e+00 0.000000e+00 2.000000e+00 2.000000e+00 1.700000e+00 2.845154e+00 2.845154e+00 2.939594e+00 5.803947e+00 8.800501e-01 
 00007 1.708648e+00 5.956453e-01 1.725936e+00 5.069552e-01 3.632426e+00 1.516058e+00 1.165786e+00 9.700000e-01 6.000000e-02 2.247543e+01 1.356155e+01 6.780775e+00 1.500000e+00 1.100000e+00 6.314111e+00 9.869661e-01 7.000000e-02 1.500000e+00 1.100000e+00 6.314111e+00 9.869661e-01 7.000000e-02 1.500000e+00 1.100000e+00 0.000000e+00 0.000000e+00 2.000000e+00 2.000000e+00 1.700000e+00 3.704730e+00 3.704730e+00 2.868566e+00 6.869311e+00 9.970541e-01 
 00008 1.822561e+00 7.613728e-01 1.950358e+00 5.634323e-01 5.545306e+00 5.046078e+00 6.154964e-01 9.700000e-01 6.000000e-02 4.274911e+01 2.166095e+01 1.083047e+01 1.500000e+00 1.100000e+00 1.139860e+01 1.296874e+00 7.000000e-02 1.500000e+00 1.100000e+00 1.139860e+01 1.296874e+00 7.000000e-02 1.500000e+00 1.100000e+00 0.000000e+00 0.000000e+00 2.000000e+00 2.000000e+00 1.700000e+00 2.687242e+00 2.687242e+00 2.393783e+00 6.386026e+00 7.817503e-01 
 00009 1.949400e+00 6.595537e-01 1.813245e+00 5.599337e-01 6.912398e+00 4.022080e+00 9.565471e-01 9.700000e-01 6.000000e-02 2.405892e+01 1.294265e+01 6.471323e+00 1.500000e+00 1.100000e+00 2.065650e+01 3.868835e+00 7.000000e-02 1.500000e+00 1.100000e+00 2.065650e+01 3.868835e+00 7.000000e-02 1.500000e+00 1.100000e+00 0.000000e+00 0.000000e+00 2.000000e+00 2.000000e+00 1.700000e+00 2.536942e+00 2.536942e+00 2.955635e+00 5.914320e+00 4.397669e-01 
 00010 2.041258e+00 5.975245e-01 1.834661e+00 6.045135e-01 5.324503e+00 3.688796e+00 1.166846e+00 9.700000e-01 6.000000e-02 2.632165e+01 1.346693e+01 6.733465e+00 1.500000e+00 1.100000e+00 2.166939e+01 3.536882e+00 7.000000e-02 1.500000e+00 1.100000e+00 2.166939e+01 3.536882e+00 7.000000e-02 1.500000e+00 1.100000e+00 0.000000e+00 0.000000e+00 2.000000e+00 2.000000e+00 1.700000e+00 3.551135e+00 3.551135e+00 3.416191e+00 4.034757e+00 4.094919e-01 
 00011 1.673217e+00 5.227351e-01 1.923838e+00 5.433225e-01 4.925138e+00 2.145544e+00 6.493897e-01 9.700000e-01 6.000000e-02 3.026523e+01 1.648240e+01 8.241198e+00 1.500000e+00 1.100000e+00 1.376976e+01 9.890696e-01 7.000000e-02 1.500000e+00 1.100000e+00 1.376976e+01 9.890696e-01 7.000000e-02 1.500000e+00 1.100000e+00 0.000000e+00 0.000000e+00 2.000000e+00 2.000000e+00 1.700000e+00 4.490892e+00 4.490892e+00 3.200889e+00 6.259187e+00 6.594717e-01 
 00012 1.561217e+00 6.279678e-01 1.928470e+00 5.613872e-01 4.048119e+00 3.956000e+00 5.296008e-01 9.700000e-01 6.000000e-02 4.029894e+01 2.134670e+01 1.067335e+01 1.500000e+00 1.100000e+00 1.218855e+01 7.857018e-01 7.000000e-02 1.500000e+00 1.100000e+00 1.218855e+01 7.857018e-01 7.000000e-02 1.500000e+00 1.100000e+00 0.000000e+00 0.000000e+00 2.000000e+00 2.000000e+00 1.700000e+00 4.081037e+00 4.081037e+00 2.486141e+00 4.573485e+00 6.684963e-01 
 00013 2.126662e+00 8.185732e-01 1.764393e+00 6.299298e-01 5.508372e+00 5.265570e+00 6.464510e-01 9.700000e-01 6.000000e-02 3.589934e+01 2.178989e+01 1.089494e+01 1.500000e+00 1.100000e+00 1.629035e+01 1.305448e+00 7.000000e-02 1.500000e+00 1.100000e+00 1.629035e+01 1.305448e+00 7.000000e-02 1.500000e+00 1.100000e+00 0.000000e+00 0.000000e+00 2.000000e+00 2.000000e+00 1.700000e+00 4.007138e+00 4.007138e+00 2.598011e+00 5.193048e+00 8.711129e-01 
 00014 1.442582e+00 6.150358e-01 1.840525e+00 5.150642e-01 6.006044e+00 4.756319e+00 1.188356e+00 9.700000e-01 6.000000e-02 4.961823e+01 2.649289e+01 1.324645e+01 1.500000e+00 1.100000e+00 1.844526e+01 2.587282e+00 7.000000e-02 1.500000e+00 1.100000e+00 1.844526e+01 2.587282e+00 7.000000e-02 1.500000e+00 1.100000e+00 0.000000e+00 0.000000e+00 2.000000e+00 2.000000e+00 1.700000e+00 4.208380e+00 4.208380e+00 2.345525e+00 5.356898e+00 6.619255e-01 
 00015 1.723415e+00 6.931645e-01 1.766252e+00 5.220061e-01 6.238979e+00 4.020334e+00 1.177496e+00 9.700000e-01 6.000000e-02 1.840628e+01 1.151486e+01 5.757432e+00 1.500000e+00 1.100000e+00 2.485538e+01 4.595233e+00 7.000000e-02 1.500000e+00 1.100000e+00 2.485538e+01 4.595233e+00 7.000000e-02 1.500000e+00 1.100000e+00 0.000000e+00 0.000000e+00 2.000000e+00 2.000000e+00 1.700000e+00 3.163733e+00 3.163733e+00 2.486300e+00 6.451877e+00 4.323338e-01 
 00016 1.951713e+00 8.009365e-01 1.730797e+00 5.336499e-01 4.630629e+00 4.605445e+00 6.565775e-01 9.700000e-01 6.000000e-02 3.193507e+01 1.627602e+01 8.138008e+00 1.500000e+00 1.100000e+00 1.239137e+01 1.333887e+00 7.000000e-02 1.500000e+00 1.100000e+00 1.239137e+01 1.333887e+00 7.000000e-02 1.500000e+00 1.100000e+00 0.000000e+00 0.000000e+00 2.000000e+00 2.000000e+00 1.700000e+00 3.029798e+00 3.029798e+00 2.436789e+00 4.834287e+00 7.122336e-01 
 00017 1.546102e+00 4.585236e-01 1.700923e+00 5.393446e-01 6.469524e+00 1.957859e+00 5.290930e-01 9.700000e-01 6.000000e-02 4.312852e+01 2.580753e+01 1.290376e+01 1.500000e+00 1.100000e+00 9.029485e+00 7.033075e-01 7.000000e-02 1.500000e+00 1.100000e+00 9.029485e+00 7.033075e-01 7.000000e-02 1.500000e+00 1.100000e+00 0.000000e+00 0.000000e+00 2.000000e+00 2.000000e+00 1.700000e+00 3.374250e+00 3.374250e+00 3.371914e+00 6.093331e+00 8.706393e-01 
 00018 1.635948e+00 5.147404e-01 1.898171e+00 6.035163e-01 6.512124e+00 3.775752e+00 9.641465e-01 9.700000e-01 6.000000e-02 7.678809e+01 4.497891e+01 2.248945e+01 1.500000e+00 1.100000e+00 1.103012e+01 1.271568e+00 7.000000e-02 1.500000e+00 1.100000e+00 1.103012e+01 1.271568e+00 7.000000e-02 1.500000e+00 1.100000e+00 0.000000e+00 0.000000e+00 2.000000e+00 2.000000e+00 1.700000e+00 4.154429e+00 4.154429e+00 3.178201e+00 4.744716e+00 9.915891e-01 
 00019 1.485735e+00 4.746191e-01 1.971853e+00 5.997032e-01 3.246819e+00 1.677405e+00 1.176447e+00 9.700000e-01 6.000000e-02 1.575241e+01 9.695522e+00 4.847761e+00 1.500000e+00 1.100000e+00 1.232514e+01 1.729098e+00 7.000000e-02 1.500000e+00 1.100000e+00 1.232514e+01 1.729098e+00 7.000000e-02 1.500000e+00 1.100000e+00 0.000000e+00 0.000000e+00 2.000000e+00 2.000000e+00 1.700000e+00 4.165550e+00 4.165550e+00 3.130373e+00 5.310475e+00 4.090473e-01 
 00020 1.498906e+00 6.212634e-01 1.863594e+00 5.014733e-01 3.605062e+00 3.512605e+00 8.677939e-01 9.700000e-01 6.000000e-02 2.569286e+01 1.552394e+01 7.761970e+00 1.500000e+00 1.100000e+00 8.929073e+00 1.414974e+00 7.000000e-02 1.500000e+00 1.100000e+00 8.929073e+00 1.414974e+00 7.000000e-02 1.500000e+00 1.100000e+00 0.000000e+00 0.000000e+00 2.000000e+00 2.000000e+00 1.700000e+00 2.720207e+00 2.720207e+00 2.412675e+00 4.283136e+00 5.358881e-01 
 00021 1.610675e+00 6.516668e-01 1.777084e+00 6.200591e-01 3.181731e+00 2.134370e+00 6.154717e-01 9.700000e-01 6.000000e-02 2.802925e+01 1.499066e+01 7.495332e+00 1.500000e+00 1.100000e+00 4.676926e+00 5.313276e-01 7.000000e-02 1.500000e+00 1.100000e+00 4.676926e+00 5.313276e-01 7.000000e-02 1.500000e+00 1.100000e+00 0.000000e+00 0.000000e+00 2.000000e+00 2.000000e+00 1.700000e+00 2.691125e+00 2.691125e+00 2.471624e+00 6.310557e+00 9.370274e-01 
 00022 1.734043e+00 6.854551e-01 1.999818e+00 5.815109e-01 6.591099e+00 5.001343e+00 1.107487e+00 9.700000e-01 6.000000e-02 2.046514e+01 1.252810e+01 6.264050e+00 1.500000e+00 1.100000e+00 3.931167e+01 5.279423e+00 7.000000e-02 1.500000e+00 1.100000e+00 3.931167e+01 5.279423e+00 7.000000e-02 1.500000e+00 1.100000e+00 0.000000e+00 0.000000e+00 2.000000e+00 2.000000e+00 1.700000e+00 4.096389e+00 4.096389e+00 2.529769e+00 6.776346e+00 3.697485e-01 
 00023 2.091351e+00 6.040679e-01 1.786944e+00 5.630686e-01 6.275845e+00 3.736800e+00 8.213382e-01 9.700000e-01 6.000000e-02 3.146951e+01 1.956120e+01 9.780599e+00 1.500000e+00 1.100000e+00 1.729330e+01 2.024326e+00 7.000000e-02 1.500000e+00 1.100000e+00 1.729330e+01 2.024326e+00 7.000000e-02 1.500000e+00 1.100000e+00 0.000000e+00 0.000000e+00 2.000000e+00 2.000000e+00 1.700000e+00 3.485356e+00 3.485356e+00 3.462112e+00 4.364721e+00 6.000909e-01 
 00024 1.628069e+00 4.999329e-01 1.785496e+00 6.263629e-01 6.849893e+00 2.828370e+00 5.992745e-01 9.700000e-01 6.000000e-02 4.923588e+01 3.157153e+01 1.578577e+01 1.500000e+00 1.100000e+00 1.315455e+01 9.134947e-01 7.000000e-02 1.500000e+00 1.100000e+00 1.315455e+01 9.134947e-01 7.000000e-02 1.500000e+00 1.100000e+00 0.000000e+00 0.000000e+00 2.000000e+00 2.000000e+00 1.700000e+00 4.286704e+00 4.286704e+00 3.256576e+00 5.773319e+00 8.764614e-01 
 00025 1.441291e+00 4.211620e-01 1.920136e+00 6.144269e-01 3.416452e+00 1.668121e+00 7.570919e-01 9.700000e-01 6.000000e-02 2.558688e+01 1.552233e+01 7.761165e+00 1.500000e+00 1.100000e+00 6.077278e+00 8.196209e-01 7.000000e-02 1.500000e+00 1.100000e+00 6.077278e+00 8.196209e-01 7.000000e-02 1.500000e+00 1.100000e+00 0.000000e+00 0.000000e+00 2.000000e+00 2.000000e+00 1.700000e+00 2.788511e+00 2.788511e+00 3.422176e+00 4.374420e+00 5.185344e-01 
 00026 1.808685e+00 6.384556e-01 1.749790e+00 6.258732e-01 3.033158e+00 2.592041e+00 9.858996e-01 9.700000e-01 6.000000e-02 2.223477e+01 1.406811e+01 7.034053e+00 1.500000e+00 1.100000e+00 8.121900e+00 1.071694e+00 7.000000e-02 1.500000e+00 1.100000e+00 8.121900e+00 1.071694e+00 7.000000e-02 1.500000e+00 1.100000e+00 0.000000e+00 0.000000e+00 2.000000e+00 2.000000e+00 1.700000e+00 3.711479e+00 3.711479e+00 2.832907e+00 4.020999e+00 6.950323e-01 
 00027 1.477650e+00 4.562966e-01 1.993229e+00 6.462478e-01 4.835639e+00 2.078656e+00 6.836289e-01 9.700000e-01 6.000000e-02 3.588993e+01 2.003504e+01 1.001752e+01 1.500000e+00 1.100000e+00 9.204308e+00 9.334416e-01 7.000000e-02 1.500000e+00 1.100000e+00 9.204308e+00 9.334416e-01 7.000000e-02 1.500000e+00 1.100000e+00 0.000000e+00 0.000000e+00 2.000000e+00 2.000000e+00 1.700000e+00 3.348513e+00 3.348513e+00 3.238355e+00 6.203900e+00 6.304518e-01 
 00028 1.897865e+00 7.295436e-01 1.767385e+00 5.760202e-01 3.998244e+00 2.566866e+00 9.535272e-01 9.700000e-01 6.000000e-02 5.295905e+00 3.466363e+00 1.733182e+00 1.500000e+00 1.100000e+00 2.951951e+01 4.805603e+00 7.000000e-02 1.500000e+00 1.100000e+00 2.951951e+01 4.805603e+00 7.000000e-02 1.500000e+00 1.100000e+00 0.000000e+00 0.000000e+00 2.000000e+00 2.000000e+00 1.700000e+00 2.909525e+00 2.909525e+00 2.601442e+00 6.673357e+00 2.257997e-01 
 00029 1.949314e+00 6.063577e-01 1.809032e+00 5.892695e-01 4.830726e+00 2.249625e+00 6.897583e-01 9.700000e-01 6.000000e-02 6.980317e+00 4.196180e+00 2.098090e+00 1.500000e+00 1.100000e+00 3.228205e+01 3.658510e+00 7.000000e-02 1.500000e+00 1.100000e+00 3.228205e+01 3.658510e+00 7.000000e-02 1.500000e+00 1.100000e+00 0.000000e+00 0.000000e+00 2.000000e+00 2.000000e+00 1.700000e+00 3.023302e+00 3.023302e+00 3.214793e+00 6.286967e+00 2.154525e-01 
 00030 1.717280e+00 7.116651e-01 1.704909e+00 5.532138e-01 5.793075e+00 5.420981e+00 1.085714e+00 9.700000e-01 6.000000e-02 2.790407e+01 1.513971e+01 7.569853e+00 1.500000e+00 1.100000e+00 1.918084e+01 3.929858e+00 7.000000e-02 1.500000e+00 1.100000e+00 1.918084e+01 3.929858e+00 7.000000e-02 1.500000e+00 1.100000e+00 0.000000e+00 0.000000e+00 2.000000e+00 2.000000e+00 1.700000e+00 2.632290e+00 2.632290e+00 2.413045e+00 4.570506e+00 4.443659e-01 
 00031 1.914632e+00 5.583186e-01 1.959292e+00 5.747899e-01 3.181659e+00 1.993307e+00 5.468310e-01 9.700000e-01 6.000000e-02 2.238897e+01 1.489027e+01 7.445135e+00 1.500000e+00 1.100000e+00 5.276597e+00 5.180409e-01 7.000000e-02 1.500000e+00 1.100000e+00 5.276597e+00 5.180409e-01 7.000000e-02 1.500000e+00 1.100000e+00 0.000000e+00 0.000000e+00 2.000000e+00 2.000000e+00 1.700000e+00 2.766755e+00 2.766755e+00 3.429282e+00 4.548927e+00 7.315473e-01 
