:TIME_ID:str modeleq_init:RHO_JPEAK:float modeleq_init:JAXIS:float
00000 0.65  0.60 
00001 0.65  0.60 
00002 0.65  0.60 
00003 0.65  0.60 
00004 0.65  0.60 
00005 0.65  0.60 
00006 0.65  0.60 
00007 0.65  0.60 
00008 0.65  0.60 
00009 0.65  0.60 
00010 0.65  0.60 
00011 0.65  0.60 
00012 0.65  0.60 
00013 0.65  0.60 
00014 0.65  0.60 
00015 0.65  0.60 
00016 0.65  0.60 
00017 0.65  0.60 
00018 0.65  0.60 
00019 0.65  0.60 
00020 0.65  0.60 
00021 0.65  0.60 
00022 0.65  0.60 
00023 0.65  0.60 
00024 0.65  0.60 
00025 0.65  0.60 
00026 0.65  0.60 
00027 0.65  0.60 
00028 0.65  0.60 
00029 0.65  0.60 
00030 0.65  0.60 
00031 0.65  0.60 
00032 0.65  0.60 
00033 0.65  0.60 
00034 0.65  0.60 
00035 0.65  0.60 
00036 0.65  0.60 
00037 0.65  0.60 
00038 0.65  0.60 
00039 0.65  0.60 
00040 0.65  0.60 
00041 0.65  0.60 
00042 0.65  0.60 
00043 0.65  0.60 
00044 0.65  0.60 
00045 0.65  0.60 
00046 0.65  0.60 
00047 0.65  0.60 
00048 0.65  0.60 
00049 0.65  0.60 
00050 0.65  0.60 
00051 0.65  0.60 
00052 0.65  0.60 
00053 0.65  0.60 
00054 0.65  0.60 
00055 0.65  0.60 
00056 0.65  0.60 
00057 0.65  0.60 
00058 0.65  0.60 
00059 0.65  0.60 
00060 0.65  0.60 
00061 0.65  0.60 
00062 0.65  0.60 
00063 0.65  0.60 
00064 0.65  0.60 
00065 0.65  0.60 
00066 0.65  0.60 
00067 0.65  0.60 
00068 0.65  0.60 
00069 0.65  0.60 
00070 0.65  0.60 
00071 0.65  0.60 
00072 0.65  0.60 
00073 0.65  0.60 
00074 0.65  0.60 
00075 0.65  0.60 
00076 0.65  0.60 
00077 0.65  0.60 
00078 0.65  0.60 
00079 0.65  0.60 
00080 0.65  0.60 
00081 0.65  0.60 
00082 0.65  0.60 
00083 0.65  0.60 
00084 0.65  0.60 
00085 0.65  0.60 
00086 0.65  0.60 
00087 0.65  0.60 
00088 0.65  0.60 
00089 0.65  0.60 
00090 0.65  0.60 
00091 0.65  0.60 
00092 0.65  0.60 
00093 0.65  0.60 
00094 0.65  0.60 
00095 0.65  0.60 
00096 0.65  0.60 
00097 0.65  0.60 
00098 0.65  0.60 
00099 0.65  0.60 
00100 0.65  0.60 
00101 0.65  0.60 
00102 0.65  0.60 
00103 0.65  0.60 
00104 0.65  0.60 
00105 0.65  0.60 
00106 0.65  0.60 
00107 0.65  0.60 
00108 0.65  0.60 
00109 0.65  0.60 
00110 0.65  0.60 
00111 0.65  0.60 
00112 0.65  0.60 
00113 0.65  0.60 
00114 0.65  0.60 
00115 0.65  0.60 
00116 0.65  0.60 
00117 0.65  0.60 
00118 0.65  0.60 
00119 0.65  0.60 
