&INSTATE
  TOKAMAK_ID = 'D3D' 
  DENSITY_MODEL = 0 
  IP = 0.969706745 
  B0 = 2.10230115 
  R0 = 1.69550002 
  RMAJOR = 1.67522319895 
  AMINOR = 0.570817879942 
  KAPPA = 1.84394156204 
  DELTA = 0.663427476416 
  N_ION = 1 
  Z_ION = 1 
  A_ION = 2 
  F_ION = 1.0 
  N_IMP = 1 
  Z_IMP = 6 
  A_IMP = 12 
  F_IMP = 1.0 
  N_MIN = 0 
  Z_MIN = 1 
  A_MIN = 1 
  N_BEAM = 1 
  Z_BEAM = 1 
  A_BEAM = 2 
  N_FUSION = 1 
  Z_FUSION = 2 
  A_FUSION = 4 
  NRHO = 101 
  RHO = 0.0 0.01 0.02 0.03 0.04 0.05 0.06 0.07 0.08 0.09 0.1 0.11 0.12  
    0.13 0.14 0.15 0.16 0.17 0.18 0.19 0.2 0.21 0.22 0.23 0.24 0.25  
    0.26 0.27 0.28 0.29 0.3 0.31 0.32 0.33 0.34 0.35 0.36 0.37 0.38  
    0.39 0.4 0.41 0.42 0.43 0.44 0.45 0.46 0.47 0.48 0.49 0.5 0.51 0.52  
    0.53 0.54 0.55 0.56 0.57 0.58 0.59 0.6 0.61 0.62 0.63 0.64 0.65  
    0.66 0.67 0.68 0.69 0.7 0.71 0.72 0.73 0.74 0.75 0.76 0.77 0.78  
    0.79 0.8 0.81 0.82 0.83 0.84 0.85 0.86 0.87 0.88 0.89 0.9 0.91 0.92  
    0.93 0.94 0.95 0.96 0.97 0.98 0.99 1.0 
  NE = 4.13048362732 4.13024187088 4.12951898575 4.12832164764  
    4.12665367126 4.12452173233 4.12193012238 4.11888456345  
    4.11539077759 4.11145401001 4.10707807541 4.10227012634  
    4.09703540802 4.0913772583 4.08530235291 4.07881641388  
    4.07192468643 4.06463193893 4.0569434166 4.04886484146  
    4.04040145874 4.03155851364 4.02234077454 4.01275444031  
    4.00280380249 3.99249529839 3.98183441162 3.97082424164  
    3.95947170258 3.94778347015 3.93576216698 3.92341399193  
    3.91074514389 3.89776039124 3.88446521759 3.87086439133  
    3.85696315765 3.84276914597 3.82828330994 3.81351518631  
    3.79846811295 3.78314495087 3.76755571365 3.751704216 3.73559331894  
    3.71923303604 3.70262384415 3.68577337265 3.66868591309  
    3.65136861801 3.63382530212 3.61605978012 3.59808158875  
    3.57989358902 3.5614991188 3.54290723801 3.52412176132  
    3.50514674187 3.48598885536 3.46665287018 3.44714546204  
    3.42746782303 3.40762972832 3.38763618469 3.36749172211  
    3.34719896317 3.32676625252 3.30619907379 3.28550028801  
    3.26467680931 3.24373412132 3.22267794609 3.20151209831  
    3.18024277687 3.15887498856 3.13741469383 3.1158657074  
    3.09423542023 3.07252788544 3.05074810982 3.02890300751  
    3.00699520111 2.9850320816 2.9630188942 2.94096016884 2.918861866  
    2.89672851562 2.87450838089 2.85056447983 2.82151556015  
    2.78389215469 2.73422503471 2.66904377937 2.58487844467  
    2.47826051712 2.34571957588 2.18378543854 1.98898720741  
    1.75905609131 1.50212335587 1.23166823387 
  TE = 4.51976919174 4.51849842072 4.51473093033 4.50853538513  
    4.49998188019 4.48913812637 4.47607278824 4.46085548401  
    4.4435544014 4.42423820496 4.40297603607 4.37983608246  
    4.35488843918 4.32820081711 4.29984235764 4.26988077164  
    4.23838710785 4.20542812347 4.17107391357 4.13539171219  
    4.09845161438 4.06032180786 4.02107191086 3.98076939583  
    3.93948411942 3.89728474617 3.85423922539 3.81041669846  
    3.76588726044 3.72071766853 3.67497777939 3.62873601913  
    3.58206176758 3.53502368927 3.48768973351 3.44012904167  
    3.39241123199 3.34460401535 3.29677724838 3.24899840355  
    3.20133662224 3.15386128426 3.10664153099 3.05974459648  
    3.01324057579 2.96719765663 2.92168545723 2.87677121162  
    2.8325252533 2.7890150547 2.74630999565 2.70447969437 2.66359210014  
    2.6237154007 2.58491897583 2.54727220535 2.51084303856  
    2.47570037842 2.44188594818 2.40932655334 2.37792158127  
    2.3475689888 2.31816792488 2.28961658478 2.26181340218  
    2.23465752602 2.20804691315 2.18188095093 2.15605711937  
    2.13047552109 2.10503339767 2.07962965965 2.05416297913  
    2.0285320282 2.00263595581 1.97637236118 1.949639678 1.92233777046  
    1.89436435699 1.86561763287 1.83599734306 1.80540108681  
    1.77372801304 1.74087643623 1.70674490929 1.67123222351  
    1.63403141499 1.59375965595 1.54868280888 1.49706578255  
    1.43717479706 1.36727404594 1.28563046455 1.19050884247  
    1.08017480373 0.952893555164 0.806947469711 0.642641186714  
    0.464225172997 0.276402294636 0.0838758796453 
  TI = 6.65830850601 6.65562963486 6.64770174026 6.63469362259  
    6.61677122116 6.59410142899 6.56684923172 6.53518342972  
    6.49926900864 6.45927333832 6.41536283493 6.36770439148  
    6.31646347046 6.26180839539 6.20390462875 6.14291858673 6.079018116  
    6.01236820221 5.94313764572 5.87149190903 5.79759550095  
    5.72161817551 5.64372444153 5.56408262253 5.482858181 5.40021753311  
    5.31632900238 5.23135662079 5.14546871185 5.05883216858  
    4.9716129303 4.88397598267 4.79609107971 4.70812225342 4.6202378273  
    4.53260374069 4.44538640976 4.35875225067 4.27286815643  
    4.18790197372 4.10401773453 4.02138376236 3.94016671181  
    3.86053228378 3.78264856339 3.70667982101 3.63279533386  
    3.56115984917 3.49194073677 3.42530417442 3.36141681671  
    3.3004462719 3.24255752563 3.18791842461 3.1366944313 3.08905339241  
    3.04516172409 3.00512695312 2.96877002716 2.93581843376  
    2.90600156784 2.87904858589 2.85468792915 2.83264899254  
    2.81265950203 2.79444980621 2.77774786949 2.76228260994  
    2.74778294563 2.73397827148 2.72059679031 2.70736694336  
    2.69401860237 2.68028068542 2.6658809185 2.65054941177  
    2.63401412964 2.61600446701 2.59624910355 2.57447624207  
    2.55041623116 2.52379703522 2.49434709549 2.46179580688  
    2.42587280273 2.38630461693 2.34282255173 2.29515504837  
    2.24302959442 2.18617630005 2.12432408333 2.05720043182  
    1.98466444016 1.90716600418 1.825324893 1.73976206779 1.65109729767  
    1.55995082855 1.46694386005 1.37269616127 1.27782809734 
  OMEGA = 85232.1015625 85212.78125 85155.4453125 85061.0234375  
    84930.4296875 84764.59375 84564.4453125 84330.9140625 84064.921875  
    83767.3984375 83439.2578125 83081.4453125 82694.8671875 82280.46875  
    81839.171875 81371.90625 80879.5859375 80363.1328125 79823.4921875  
    79261.5703125 78678.3125 78074.6328125 77451.4609375 76809.734375  
    76150.3671875 75474.28125 74782.421875 74075.6953125 73355.03125  
    72621.3671875 71875.6171875 71118.71875 70351.59375 69575.15625  
    68790.34375 67998.09375 67199.328125 66394.9609375 65585.921875  
    64773.1328125 63957.5390625 63140.046875 62321.5976562  
    61503.0976562 60685.5 59869.7148438 59056.671875 58247.296875  
    57442.5039062 56643.2460938 55850.4296875 55064.9960938  
    54287.8476562 53519.9375 52762.1679688 52015.4804688 51280.8085938  
    50559.0664062 49851.1757812 49158.0742188 48480.671875  
    47819.9101562 47176.71875 46552.015625 45946.7265625 45360.6328125  
    44790.3398438 44231.9140625 43681.4101562 43134.9101562  
    42588.4570312 42038.1210938 41479.9375 40910.015625 40324.3867188  
    39719.1484375 39090.2929688 38433.9648438 37746.1640625  
    37022.9882812 36260.5 35454.7421875 34601.7773438 33697.6914062  
    32738.5175781 31720.34375 30639.2128906 29491.203125 28272.3535156  
    26978.7753906 25606.46875 24151.5351562 22610.0390625 20978.0117188  
    19251.5449219 17426.6777344 15499.5078125 13466.0585938  
    11322.4199219 9064.64550781 6693.87060547 
  ZEFF = 2.1038589835 2.10430252507 2.10561528598 2.10777072694  
    2.11074319089 2.11450632845 2.11903620258 2.12430827587  
    2.13029743007 2.13698034142 2.14433387278 2.15233502311  
    2.16096038474 2.17018776573 2.17999434637 2.19035829484  
    2.20125663904 2.21266864289 2.22457166039 2.23694362234  
    2.24976319097 2.26300937687 2.27665822314 2.29068971503  
    2.30508205206 2.31981141591 2.33485639863 2.35019727594  
    2.36580861056 2.3816676238 2.39775318406 2.41404234634  
    2.43051119336 2.44713464021 2.46388952721 2.48075366193  
    2.49769945818 2.51470154752 2.53173698436 2.54877910761  
    2.56579864304 2.58277212897 2.59967024366 2.61646432959  
    2.63312662822 2.64962562487 2.66593378077 2.68201971453  
    2.69785011409 2.71339418346 2.72861968493 2.74349085512  
    2.7579730835 2.77202933275 2.78562489247 2.79872222667  
    2.81127982142 2.82326104055 2.83462336652 2.84532278657  
    2.85531469786 2.86456426344 2.87301370601 2.88062178966  
    2.88733646605 2.89311017852 2.89788893178 2.90162103875  
    2.90425366864 2.90572576725 2.90598230148 2.90495973704  
    2.90259988092 2.89883722652 2.89360553651 2.88683652195  
    2.87846194336 2.86840854377 2.8566028466 2.84296557298  
    2.82742092342 2.80988652938 2.79027635252 2.76850560542  
    2.74448503646 2.71812270749 2.68932272119 2.65802085619  
    2.6250514694 2.5921789462 2.56113133099 2.53359535274 2.51131657913  
    2.49625773606 2.49084677848 2.49841007328 2.52394542773  
    2.57156309586 2.62084554642 2.62937512559 2.59288242082 
  P_RAD = 0.0632811039686 0.06305655092 0.0628319904208 0.0626074299216  
    0.0623512379825 0.0620161220431 0.0616011694074 0.0611518993974  
    0.0606411769986 0.0600710585713 0.0594482272863 0.0587797090411  
    0.0580654367805 0.0573073588312 0.0565138347447 0.0556831136346  
    0.0548194423318 0.0539248213172 0.053004257381 0.052057441324  
    0.0510921441019 0.0501056797802 0.0491036698222 0.0480874665082  
    0.047060508281 0.0460255369544 0.0449846163392 0.0439406484365  
    0.0428962446749 0.0418540947139 0.040816668421 0.0397866629064  
    0.0387667752802 0.0377596020699 0.036767821759 0.0357941426337  
    0.0348413996398 0.0339119024575 0.0330089591444 0.0321348384023  
    0.0312927812338 0.0304855760187 0.0297162923962 0.0289872959256  
    0.028302224353 0.0276641398668 0.0270756483078 0.026540838182  
    0.0260617248714 0.0256427992135 0.0252868998796 0.0249981302768  
    0.0247788038105 0.0246339756995 0.0245665553957 0.0245812814683  
    0.0246807020158 0.0248710550368 0.0251533314586 0.0255346931517  
    0.0260186251253 0.0266096759588 0.0273158270866 0.0281319655478  
    0.0290731973946 0.0301416479051 0.0313414931297 0.0326804146171  
    0.0341605804861 0.0357906408608 0.037576328963 0.0395230874419  
    0.0416374839842 0.043926641345 0.0463970638812 0.0490559861064  
    0.0519106723368 0.0549689419568 0.0582380853593 0.0617269091308  
    0.0654432177544 0.0693964511156 0.0735946819186 0.0780477076769  
    0.0827663764358 0.0877572223544 0.0930338054895 0.0986058786511  
    0.104484155774 0.110681481659 0.117206685245 0.124027125537  
    0.130918100476 0.137605965137 0.143825903535 0.14929638803  
    0.153751939535 0.156908497214 0.158490404487 0.158253103495  
    0.155874401331 
  J_TOT = 1.272064 1.275753 1.286509 1.303867 1.327361 1.356525  
    1.390894 1.42996 1.472686 1.517681 1.563561 1.608985 1.652589  
    1.692953 1.72876 1.758807 1.782031 1.79758 1.804842 1.803465  
    1.793352 1.774643 1.747682 1.712982 1.671183 1.623008 1.569248  
    1.510722 1.448268 1.382752 1.315065 1.246156 1.177069 1.108987  
    1.043309 0.9817428 0.9264193 0.8793172 0.8393388 0.8046905  
    0.7740222 0.7463241 0.7208421 0.6970165 0.6744329 0.6527854  
    0.6318482 0.6114568 0.5914908 0.5718632 0.552512 0.5333936  
    0.5144783 0.4957478 0.4771909 0.4588038 0.4405878 0.4225487  
    0.4046974 0.3870483 0.3696209 0.3524393 0.335533 0.3189378 0.302697  
    0.2868616 0.271493 0.2566632 0.2424577 0.228976 0.2163336 0.2046645  
    0.194122 0.1848804 0.1771376 0.1711155 0.1670593 0.1652412  
    0.1659562 0.1695226 0.1762814 0.186596 0.2008554 0.2194747  
    0.2428953 0.2716041 0.3059787 0.3460888 0.3919092 0.4434415  
    0.5007228 0.5637343 0.6329808 0.7060639 0.7745883 0.8274035  
    0.8537394 0.8406028 0.7920001 0.6484417 0.4002965 
  PMHD = 114593.055 114572.636136 114510.594108 114404.571461  
    114250.644276 114043.338153 113775.680005 113439.310713  
    113024.68407 112521.420126 111918.760886 111205.674902  
    110371.666961 109407.267511 108304.434629 107057.222521  
    105662.356675 104119.617464 102431.993257 100605.810636  
    98650.5622673 96578.4676548 94404.1728466 92144.3640045  
    89816.862686 87440.2895072 85033.4723903 82614.8773044  
    80202.1562264 77811.8591053 75458.9663116 73156.5816858  
    70915.6950669 68744.8236391 66649.6496653 64632.6240647  
    62692.3722187 60823.1391233 59016.8686829 57266.7379033  
    55567.5627729 53915.4960205 52307.7062825 50742.1215297  
    49217.241952 47731.9793636 46285.5442553 44877.3646376  
    43507.0192489 42174.1866354 40878.6089621 39620.0634047  
    38398.3354349 37213.2093561 36064.4584842 34951.8333922  
    33875.0511219 32833.783241 31827.6714583 30856.3139869  
    29919.2429881 29015.9475505 28145.8701661 27308.3641939  
    26502.7431431 25728.2395587 24983.9985949 24269.108604  
    23582.5320226 22923.1752474 22289.8023592 21681.0930679  
    21095.6043604 20531.7397825 19987.8223836 19462.001485  
    18952.2857443 18456.5787202 17972.6429341 17498.0867543  
    17030.3919485 16566.9148816 16104.8873897 15641.4089573  
    15173.4435749 14697.7857521 14210.8157209 13707.0090694  
    13177.4560652 12609.8206392 11988.537614 11294.8576185  
    10505.8871474 9595.46959646 8540.4044136 7331.51440554  
    5980.23523311 4521.8316324 3018.0496921 1559.52609344 254.292325545 
  J_OH = 0.0 0.0 0.0 0.0 0.0 0.0 0.0 0.0 0.0 0.0 0.0 0.0 0.0 0.0 0.0  
    0.0 0.0 0.0 0.0 0.0 0.0 0.0 0.0 0.0 0.0 0.0 0.0 0.0 0.0 0.0 0.0 0.0  
    0.0 0.0 0.0 0.0 0.0 0.0 0.0 0.0 0.0 0.0 0.0 0.0 0.0 0.0 0.0 0.0 0.0  
    0.0 0.0 0.0 0.0 0.0 0.0 0.0 0.0 0.0 0.0 0.0 0.0 0.0 0.0 0.0 0.0 0.0  
    0.0 0.0 0.0 0.0 0.0 0.0 0.0 0.0 0.0 0.0 0.0 0.0 0.0 0.0 0.0 0.0 0.0  
    0.0 0.0 0.0 0.0 0.0 0.0 0.0 0.0 0.0 0.0 0.0 0.0 0.0 0.0 0.0 0.0 0.0  
    0.0 
  J_BS = 0.0 0.0 0.0 0.0 0.0 0.0 0.0 0.0 0.0 0.0 0.0 0.0 0.0 0.0 0.0  
    0.0 0.0 0.0 0.0 0.0 0.0 0.0 0.0 0.0 0.0 0.0 0.0 0.0 0.0 0.0 0.0 0.0  
    0.0 0.0 0.0 0.0 0.0 0.0 0.0 0.0 0.0 0.0 0.0 0.0 0.0 0.0 0.0 0.0 0.0  
    0.0 0.0 0.0 0.0 0.0 0.0 0.0 0.0 0.0 0.0 0.0 0.0 0.0 0.0 0.0 0.0 0.0  
    0.0 0.0 0.0 0.0 0.0 0.0 0.0 0.0 0.0 0.0 0.0 0.0 0.0 0.0 0.0 0.0 0.0  
    0.0 0.0 0.0 0.0 0.0 0.0 0.0 0.0 0.0 0.0 0.0 0.0 0.0 0.0 0.0 0.0 0.0  
    0.0 
  J_NB = 0.0 0.0 0.0 0.0 0.0 0.0 0.0 0.0 0.0 0.0 0.0 0.0 0.0 0.0 0.0  
    0.0 0.0 0.0 0.0 0.0 0.0 0.0 0.0 0.0 0.0 0.0 0.0 0.0 0.0 0.0 0.0 0.0  
    0.0 0.0 0.0 0.0 0.0 0.0 0.0 0.0 0.0 0.0 0.0 0.0 0.0 0.0 0.0 0.0 0.0  
    0.0 0.0 0.0 0.0 0.0 0.0 0.0 0.0 0.0 0.0 0.0 0.0 0.0 0.0 0.0 0.0 0.0  
    0.0 0.0 0.0 0.0 0.0 0.0 0.0 0.0 0.0 0.0 0.0 0.0 0.0 0.0 0.0 0.0 0.0  
    0.0 0.0 0.0 0.0 0.0 0.0 0.0 0.0 0.0 0.0 0.0 0.0 0.0 0.0 0.0 0.0 0.0  
    0.0 
  J_EC = 0.0 0.0 0.0 0.0 0.0 0.0 0.0 0.0 0.0 0.0 0.0 0.0 0.0 0.0 0.0  
    0.0 0.0 0.0 0.0 0.0 0.0 0.0 0.0 0.0 0.0 0.0 0.0 0.0 0.0 0.0 0.0 0.0  
    0.0 0.0 0.0 0.0 0.0 0.0 0.0 0.0 0.0 0.0 0.0 0.0 0.0 0.0 0.0 0.0 0.0  
    0.0 0.0 0.0 0.0 0.0 0.0 0.0 0.0 0.0 0.0 0.0 0.0 0.0 0.0 0.0 0.0 0.0  
    0.0 0.0 0.0 0.0 0.0 0.0 0.0 0.0 0.0 0.0 0.0 0.0 0.0 0.0 0.0 0.0 0.0  
    0.0 0.0 0.0 0.0 0.0 0.0 0.0 0.0 0.0 0.0 0.0 0.0 0.0 0.0 0.0 0.0 0.0  
    0.0 
  J_IC = 0.0 0.0 0.0 0.0 0.0 0.0 0.0 0.0 0.0 0.0 0.0 0.0 0.0 0.0 0.0  
    0.0 0.0 0.0 0.0 0.0 0.0 0.0 0.0 0.0 0.0 0.0 0.0 0.0 0.0 0.0 0.0 0.0  
    0.0 0.0 0.0 0.0 0.0 0.0 0.0 0.0 0.0 0.0 0.0 0.0 0.0 0.0 0.0 0.0 0.0  
    0.0 0.0 0.0 0.0 0.0 0.0 0.0 0.0 0.0 0.0 0.0 0.0 0.0 0.0 0.0 0.0 0.0  
    0.0 0.0 0.0 0.0 0.0 0.0 0.0 0.0 0.0 0.0 0.0 0.0 0.0 0.0 0.0 0.0 0.0  
    0.0 0.0 0.0 0.0 0.0 0.0 0.0 0.0 0.0 0.0 0.0 0.0 0.0 0.0 0.0 0.0 0.0  
    0.0 
  PE_NB = 0.0 0.0 0.0 0.0 0.0 0.0 0.0 0.0 0.0 0.0 0.0 0.0 0.0 0.0 0.0  
    0.0 0.0 0.0 0.0 0.0 0.0 0.0 0.0 0.0 0.0 0.0 0.0 0.0 0.0 0.0 0.0 0.0  
    0.0 0.0 0.0 0.0 0.0 0.0 0.0 0.0 0.0 0.0 0.0 0.0 0.0 0.0 0.0 0.0 0.0  
    0.0 0.0 0.0 0.0 0.0 0.0 0.0 0.0 0.0 0.0 0.0 0.0 0.0 0.0 0.0 0.0 0.0  
    0.0 0.0 0.0 0.0 0.0 0.0 0.0 0.0 0.0 0.0 0.0 0.0 0.0 0.0 0.0 0.0 0.0  
    0.0 0.0 0.0 0.0 0.0 0.0 0.0 0.0 0.0 0.0 0.0 0.0 0.0 0.0 0.0 0.0 0.0  
    0.0 
  PE_EC = 0.0 0.0 0.0 0.0 0.0 0.0 0.0 0.0 0.0 0.0 0.0 0.0 0.0 0.0 0.0  
    0.0 0.0 0.0 0.0 0.0 0.0 0.0 0.0 0.0 0.0 0.0 0.0 0.0 0.0 0.0 0.0 0.0  
    0.0 0.0 0.0 0.0 0.0 0.0 0.0 0.0 0.0 0.0 0.0 0.0 0.0 0.0 0.0 0.0 0.0  
    0.0 0.0 0.0 0.0 0.0 0.0 0.0 0.0 0.0 0.0 0.0 0.0 0.0 0.0 0.0 0.0 0.0  
    0.0 0.0 0.0 0.0 0.0 0.0 0.0 0.0 0.0 0.0 0.0 0.0 0.0 0.0 0.0 0.0 0.0  
    0.0 0.0 0.0 0.0 0.0 0.0 0.0 0.0 0.0 0.0 0.0 0.0 0.0 0.0 0.0 0.0 0.0  
    0.0 
  PE_IC = 0.0 0.0 0.0 0.0 0.0 0.0 0.0 0.0 0.0 0.0 0.0 0.0 0.0 0.0 0.0  
    0.0 0.0 0.0 0.0 0.0 0.0 0.0 0.0 0.0 0.0 0.0 0.0 0.0 0.0 0.0 0.0 0.0  
    0.0 0.0 0.0 0.0 0.0 0.0 0.0 0.0 0.0 0.0 0.0 0.0 0.0 0.0 0.0 0.0 0.0  
    0.0 0.0 0.0 0.0 0.0 0.0 0.0 0.0 0.0 0.0 0.0 0.0 0.0 0.0 0.0 0.0 0.0  
    0.0 0.0 0.0 0.0 0.0 0.0 0.0 0.0 0.0 0.0 0.0 0.0 0.0 0.0 0.0 0.0 0.0  
    0.0 0.0 0.0 0.0 0.0 0.0 0.0 0.0 0.0 0.0 0.0 0.0 0.0 0.0 0.0 0.0 0.0  
    0.0 
  PE_FUS = 0.0 0.0 0.0 0.0 0.0 0.0 0.0 0.0 0.0 0.0 0.0 0.0 0.0 0.0 0.0  
    0.0 0.0 0.0 0.0 0.0 0.0 0.0 0.0 0.0 0.0 0.0 0.0 0.0 0.0 0.0 0.0 0.0  
    0.0 0.0 0.0 0.0 0.0 0.0 0.0 0.0 0.0 0.0 0.0 0.0 0.0 0.0 0.0 0.0 0.0  
    0.0 0.0 0.0 0.0 0.0 0.0 0.0 0.0 0.0 0.0 0.0 0.0 0.0 0.0 0.0 0.0 0.0  
    0.0 0.0 0.0 0.0 0.0 0.0 0.0 0.0 0.0 0.0 0.0 0.0 0.0 0.0 0.0 0.0 0.0  
    0.0 0.0 0.0 0.0 0.0 0.0 0.0 0.0 0.0 0.0 0.0 0.0 0.0 0.0 0.0 0.0 0.0  
    0.0 
  PE_IONIZATION = 0.0 0.0 0.0 0.0 0.0 0.0 0.0 0.0 0.0 0.0 0.0 0.0 0.0  
    0.0 0.0 0.0 0.0 0.0 0.0 0.0 0.0 0.0 0.0 0.0 0.0 0.0 0.0 0.0 0.0 0.0  
    0.0 0.0 0.0 0.0 0.0 0.0 0.0 0.0 0.0 0.0 0.0 0.0 0.0 0.0 0.0 0.0 0.0  
    0.0 0.0 0.0 0.0 0.0 0.0 0.0 0.0 0.0 0.0 0.0 0.0 0.0 0.0 0.0 0.0 0.0  
    0.0 0.0 0.0 0.0 0.0 0.0 0.0 0.0 0.0 0.0 0.0 0.0 0.0 0.0 0.0 0.0 0.0  
    0.0 0.0 0.0 0.0 0.0 0.0 0.0 0.0 0.0 0.0 0.0 0.0 0.0 0.0 0.0 0.0 0.0  
    0.0 0.0 0.0 
  PI_NB = 0.0 0.0 0.0 0.0 0.0 0.0 0.0 0.0 0.0 0.0 0.0 0.0 0.0 0.0 0.0  
    0.0 0.0 0.0 0.0 0.0 0.0 0.0 0.0 0.0 0.0 0.0 0.0 0.0 0.0 0.0 0.0 0.0  
    0.0 0.0 0.0 0.0 0.0 0.0 0.0 0.0 0.0 0.0 0.0 0.0 0.0 0.0 0.0 0.0 0.0  
    0.0 0.0 0.0 0.0 0.0 0.0 0.0 0.0 0.0 0.0 0.0 0.0 0.0 0.0 0.0 0.0 0.0  
    0.0 0.0 0.0 0.0 0.0 0.0 0.0 0.0 0.0 0.0 0.0 0.0 0.0 0.0 0.0 0.0 0.0  
    0.0 0.0 0.0 0.0 0.0 0.0 0.0 0.0 0.0 0.0 0.0 0.0 0.0 0.0 0.0 0.0 0.0  
    0.0 
  PI_EC = 0.0 0.0 0.0 0.0 0.0 0.0 0.0 0.0 0.0 0.0 0.0 0.0 0.0 0.0 0.0  
    0.0 0.0 0.0 0.0 0.0 0.0 0.0 0.0 0.0 0.0 0.0 0.0 0.0 0.0 0.0 0.0 0.0  
    0.0 0.0 0.0 0.0 0.0 0.0 0.0 0.0 0.0 0.0 0.0 0.0 0.0 0.0 0.0 0.0 0.0  
    0.0 0.0 0.0 0.0 0.0 0.0 0.0 0.0 0.0 0.0 0.0 0.0 0.0 0.0 0.0 0.0 0.0  
    0.0 0.0 0.0 0.0 0.0 0.0 0.0 0.0 0.0 0.0 0.0 0.0 0.0 0.0 0.0 0.0 0.0  
    0.0 0.0 0.0 0.0 0.0 0.0 0.0 0.0 0.0 0.0 0.0 0.0 0.0 0.0 0.0 0.0 0.0  
    0.0 
  PI_IC = 0.0 0.0 0.0 0.0 0.0 0.0 0.0 0.0 0.0 0.0 0.0 0.0 0.0 0.0 0.0  
    0.0 0.0 0.0 0.0 0.0 0.0 0.0 0.0 0.0 0.0 0.0 0.0 0.0 0.0 0.0 0.0 0.0  
    0.0 0.0 0.0 0.0 0.0 0.0 0.0 0.0 0.0 0.0 0.0 0.0 0.0 0.0 0.0 0.0 0.0  
    0.0 0.0 0.0 0.0 0.0 0.0 0.0 0.0 0.0 0.0 0.0 0.0 0.0 0.0 0.0 0.0 0.0  
    0.0 0.0 0.0 0.0 0.0 0.0 0.0 0.0 0.0 0.0 0.0 0.0 0.0 0.0 0.0 0.0 0.0  
    0.0 0.0 0.0 0.0 0.0 0.0 0.0 0.0 0.0 0.0 0.0 0.0 0.0 0.0 0.0 0.0 0.0  
    0.0 
  PI_FUS = 0.0 0.0 0.0 0.0 0.0 0.0 0.0 0.0 0.0 0.0 0.0 0.0 0.0 0.0 0.0  
    0.0 0.0 0.0 0.0 0.0 0.0 0.0 0.0 0.0 0.0 0.0 0.0 0.0 0.0 0.0 0.0 0.0  
    0.0 0.0 0.0 0.0 0.0 0.0 0.0 0.0 0.0 0.0 0.0 0.0 0.0 0.0 0.0 0.0 0.0  
    0.0 0.0 0.0 0.0 0.0 0.0 0.0 0.0 0.0 0.0 0.0 0.0 0.0 0.0 0.0 0.0 0.0  
    0.0 0.0 0.0 0.0 0.0 0.0 0.0 0.0 0.0 0.0 0.0 0.0 0.0 0.0 0.0 0.0 0.0  
    0.0 0.0 0.0 0.0 0.0 0.0 0.0 0.0 0.0 0.0 0.0 0.0 0.0 0.0 0.0 0.0 0.0  
    0.0 
  PI_IONIZATION = 0.0 0.0 0.0 0.0 0.0 0.0 0.0 0.0 0.0 0.0 0.0 0.0 0.0  
    0.0 0.0 0.0 0.0 0.0 0.0 0.0 0.0 0.0 0.0 0.0 0.0 0.0 0.0 0.0 0.0 0.0  
    0.0 0.0 0.0 0.0 0.0 0.0 0.0 0.0 0.0 0.0 0.0 0.0 0.0 0.0 0.0 0.0 0.0  
    0.0 0.0 0.0 0.0 0.0 0.0 0.0 0.0 0.0 0.0 0.0 0.0 0.0 0.0 0.0 0.0 0.0  
    0.0 0.0 0.0 0.0 0.0 0.0 0.0 0.0 0.0 0.0 0.0 0.0 0.0 0.0 0.0 0.0 0.0  
    0.0 0.0 0.0 0.0 0.0 0.0 0.0 0.0 0.0 0.0 0.0 0.0 0.0 0.0 0.0 0.0 0.0  
    0.0 0.0 0.0 
  PI_CX = 0.0 0.0 0.0 0.0 0.0 0.0 0.0 0.0 0.0 0.0 0.0 0.0 0.0 0.0 0.0  
    0.0 0.0 0.0 0.0 0.0 0.0 0.0 0.0 0.0 0.0 0.0 0.0 0.0 0.0 0.0 0.0 0.0  
    0.0 0.0 0.0 0.0 0.0 0.0 0.0 0.0 0.0 0.0 0.0 0.0 0.0 0.0 0.0 0.0 0.0  
    0.0 0.0 0.0 0.0 0.0 0.0 0.0 0.0 0.0 0.0 0.0 0.0 0.0 0.0 0.0 0.0 0.0  
    0.0 0.0 0.0 0.0 0.0 0.0 0.0 0.0 0.0 0.0 0.0 0.0 0.0 0.0 0.0 0.0 0.0  
    0.0 0.0 0.0 0.0 0.0 0.0 0.0 0.0 0.0 0.0 0.0 0.0 0.0 0.0 0.0 0.0 0.0  
    0.0 
  P_OHM = 0.0 0.0 0.0 0.0 0.0 0.0 0.0 0.0 0.0 0.0 0.0 0.0 0.0 0.0 0.0  
    0.0 0.0 0.0 0.0 0.0 0.0 0.0 0.0 0.0 0.0 0.0 0.0 0.0 0.0 0.0 0.0 0.0  
    0.0 0.0 0.0 0.0 0.0 0.0 0.0 0.0 0.0 0.0 0.0 0.0 0.0 0.0 0.0 0.0 0.0  
    0.0 0.0 0.0 0.0 0.0 0.0 0.0 0.0 0.0 0.0 0.0 0.0 0.0 0.0 0.0 0.0 0.0  
    0.0 0.0 0.0 0.0 0.0 0.0 0.0 0.0 0.0 0.0 0.0 0.0 0.0 0.0 0.0 0.0 0.0  
    0.0 0.0 0.0 0.0 0.0 0.0 0.0 0.0 0.0 0.0 0.0 0.0 0.0 0.0 0.0 0.0 0.0  
    0.0 
  P_EI = 0.0 0.0 0.0 0.0 0.0 0.0 0.0 0.0 0.0 0.0 0.0 0.0 0.0 0.0 0.0  
    0.0 0.0 0.0 0.0 0.0 0.0 0.0 0.0 0.0 0.0 0.0 0.0 0.0 0.0 0.0 0.0 0.0  
    0.0 0.0 0.0 0.0 0.0 0.0 0.0 0.0 0.0 0.0 0.0 0.0 0.0 0.0 0.0 0.0 0.0  
    0.0 0.0 0.0 0.0 0.0 0.0 0.0 0.0 0.0 0.0 0.0 0.0 0.0 0.0 0.0 0.0 0.0  
    0.0 0.0 0.0 0.0 0.0 0.0 0.0 0.0 0.0 0.0 0.0 0.0 0.0 0.0 0.0 0.0 0.0  
    0.0 0.0 0.0 0.0 0.0 0.0 0.0 0.0 0.0 0.0 0.0 0.0 0.0 0.0 0.0 0.0 0.0  
    0.0 
  TORQUE_NB = 0.0 0.0 0.0 0.0 0.0 0.0 0.0 0.0 0.0 0.0 0.0 0.0 0.0 0.0  
    0.0 0.0 0.0 0.0 0.0 0.0 0.0 0.0 0.0 0.0 0.0 0.0 0.0 0.0 0.0 0.0 0.0  
    0.0 0.0 0.0 0.0 0.0 0.0 0.0 0.0 0.0 0.0 0.0 0.0 0.0 0.0 0.0 0.0 0.0  
    0.0 0.0 0.0 0.0 0.0 0.0 0.0 0.0 0.0 0.0 0.0 0.0 0.0 0.0 0.0 0.0 0.0  
    0.0 0.0 0.0 0.0 0.0 0.0 0.0 0.0 0.0 0.0 0.0 0.0 0.0 0.0 0.0 0.0 0.0  
    0.0 0.0 0.0 0.0 0.0 0.0 0.0 0.0 0.0 0.0 0.0 0.0 0.0 0.0 0.0 0.0 0.0  
    0.0 0.0 
  TORQUE_IN = 0.0 0.0 0.0 0.0 0.0 0.0 0.0 0.0 0.0 0.0 0.0 0.0 0.0 0.0  
    0.0 0.0 0.0 0.0 0.0 0.0 0.0 0.0 0.0 0.0 0.0 0.0 0.0 0.0 0.0 0.0 0.0  
    0.0 0.0 0.0 0.0 0.0 0.0 0.0 0.0 0.0 0.0 0.0 0.0 0.0 0.0 0.0 0.0 0.0  
    0.0 0.0 0.0 0.0 0.0 0.0 0.0 0.0 0.0 0.0 0.0 0.0 0.0 0.0 0.0 0.0 0.0  
    0.0 0.0 0.0 0.0 0.0 0.0 0.0 0.0 0.0 0.0 0.0 0.0 0.0 0.0 0.0 0.0 0.0  
    0.0 0.0 0.0 0.0 0.0 0.0 0.0 0.0 0.0 0.0 0.0 0.0 0.0 0.0 0.0 0.0 0.0  
    0.0 0.0 
  SE_NB = 0.0 0.0 0.0 0.0 0.0 0.0 0.0 0.0 0.0 0.0 0.0 0.0 0.0 0.0 0.0  
    0.0 0.0 0.0 0.0 0.0 0.0 0.0 0.0 0.0 0.0 0.0 0.0 0.0 0.0 0.0 0.0 0.0  
    0.0 0.0 0.0 0.0 0.0 0.0 0.0 0.0 0.0 0.0 0.0 0.0 0.0 0.0 0.0 0.0 0.0  
    0.0 0.0 0.0 0.0 0.0 0.0 0.0 0.0 0.0 0.0 0.0 0.0 0.0 0.0 0.0 0.0 0.0  
    0.0 0.0 0.0 0.0 0.0 0.0 0.0 0.0 0.0 0.0 0.0 0.0 0.0 0.0 0.0 0.0 0.0  
    0.0 0.0 0.0 0.0 0.0 0.0 0.0 0.0 0.0 0.0 0.0 0.0 0.0 0.0 0.0 0.0 0.0  
    0.0 
  SE_IONIZATION = 0.0 0.0 0.0 0.0 0.0 0.0 0.0 0.0 0.0 0.0 0.0 0.0 0.0  
    0.0 0.0 0.0 0.0 0.0 0.0 0.0 0.0 0.0 0.0 0.0 0.0 0.0 0.0 0.0 0.0 0.0  
    0.0 0.0 0.0 0.0 0.0 0.0 0.0 0.0 0.0 0.0 0.0 0.0 0.0 0.0 0.0 0.0 0.0  
    0.0 0.0 0.0 0.0 0.0 0.0 0.0 0.0 0.0 0.0 0.0 0.0 0.0 0.0 0.0 0.0 0.0  
    0.0 0.0 0.0 0.0 0.0 0.0 0.0 0.0 0.0 0.0 0.0 0.0 0.0 0.0 0.0 0.0 0.0  
    0.0 0.0 0.0 0.0 0.0 0.0 0.0 0.0 0.0 0.0 0.0 0.0 0.0 0.0 0.0 0.0 0.0  
    0.0 0.0 0.0 
  SI_NB = 0.0 0.0 0.0 0.0 0.0 0.0 0.0 0.0 0.0 0.0 0.0 0.0 0.0 0.0 0.0  
    0.0 0.0 0.0 0.0 0.0 0.0 0.0 0.0 0.0 0.0 0.0 0.0 0.0 0.0 0.0 0.0 0.0  
    0.0 0.0 0.0 0.0 0.0 0.0 0.0 0.0 0.0 0.0 0.0 0.0 0.0 0.0 0.0 0.0 0.0  
    0.0 0.0 0.0 0.0 0.0 0.0 0.0 0.0 0.0 0.0 0.0 0.0 0.0 0.0 0.0 0.0 0.0  
    0.0 0.0 0.0 0.0 0.0 0.0 0.0 0.0 0.0 0.0 0.0 0.0 0.0 0.0 0.0 0.0 0.0  
    0.0 0.0 0.0 0.0 0.0 0.0 0.0 0.0 0.0 0.0 0.0 0.0 0.0 0.0 0.0 0.0 0.0  
    0.0 
  SI_IONIZATION = 0.0 0.0 0.0 0.0 0.0 0.0 0.0 0.0 0.0 0.0 0.0 0.0 0.0  
    0.0 0.0 0.0 0.0 0.0 0.0 0.0 0.0 0.0 0.0 0.0 0.0 0.0 0.0 0.0 0.0 0.0  
    0.0 0.0 0.0 0.0 0.0 0.0 0.0 0.0 0.0 0.0 0.0 0.0 0.0 0.0 0.0 0.0 0.0  
    0.0 0.0 0.0 0.0 0.0 0.0 0.0 0.0 0.0 0.0 0.0 0.0 0.0 0.0 0.0 0.0 0.0  
    0.0 0.0 0.0 0.0 0.0 0.0 0.0 0.0 0.0 0.0 0.0 0.0 0.0 0.0 0.0 0.0 0.0  
    0.0 0.0 0.0 0.0 0.0 0.0 0.0 0.0 0.0 0.0 0.0 0.0 0.0 0.0 0.0 0.0 0.0  
    0.0 0.0 0.0 
  Q = 0.0 0.0 0.0 0.0 0.0 0.0 0.0 0.0 0.0 0.0 0.0 0.0 0.0 0.0 0.0 0.0  
    0.0 0.0 0.0 0.0 0.0 0.0 0.0 0.0 0.0 0.0 0.0 0.0 0.0 0.0 0.0 0.0 0.0  
    0.0 0.0 0.0 0.0 0.0 0.0 0.0 0.0 0.0 0.0 0.0 0.0 0.0 0.0 0.0 0.0 0.0  
    0.0 0.0 0.0 0.0 0.0 0.0 0.0 0.0 0.0 0.0 0.0 0.0 0.0 0.0 0.0 0.0 0.0  
    0.0 0.0 0.0 0.0 0.0 0.0 0.0 0.0 0.0 0.0 0.0 0.0 0.0 0.0 0.0 0.0 0.0  
    0.0 0.0 0.0 0.0 0.0 0.0 0.0 0.0 0.0 0.0 0.0 0.0 0.0 0.0 0.0 0.0 0.0 
  PSIPOL = 0.0 0.0 0.0 0.0 0.0 0.0 0.0 0.0 0.0 0.0 0.0 0.0 0.0 0.0 0.0  
    0.0 0.0 0.0 0.0 0.0 0.0 0.0 0.0 0.0 0.0 0.0 0.0 0.0 0.0 0.0 0.0 0.0  
    0.0 0.0 0.0 0.0 0.0 0.0 0.0 0.0 0.0 0.0 0.0 0.0 0.0 0.0 0.0 0.0 0.0  
    0.0 0.0 0.0 0.0 0.0 0.0 0.0 0.0 0.0 0.0 0.0 0.0 0.0 0.0 0.0 0.0 0.0  
    0.0 0.0 0.0 0.0 0.0 0.0 0.0 0.0 0.0 0.0 0.0 0.0 0.0 0.0 0.0 0.0 0.0  
    0.0 0.0 0.0 0.0 0.0 0.0 0.0 0.0 0.0 0.0 0.0 0.0 0.0 0.0 0.0 0.0 0.0  
    0.0 
  DENSITY_BEAM = 0.0 0.0 0.0 0.0 0.0 0.0 0.0 0.0 0.0 0.0 0.0 0.0 0.0  
    0.0 0.0 0.0 0.0 0.0 0.0 0.0 0.0 0.0 0.0 0.0 0.0 0.0 0.0 0.0 0.0 0.0  
    0.0 0.0 0.0 0.0 0.0 0.0 0.0 0.0 0.0 0.0 0.0 0.0 0.0 0.0 0.0 0.0 0.0  
    0.0 0.0 0.0 0.0 0.0 0.0 0.0 0.0 0.0 0.0 0.0 0.0 0.0 0.0 0.0 0.0 0.0  
    0.0 0.0 0.0 0.0 0.0 0.0 0.0 0.0 0.0 0.0 0.0 0.0 0.0 0.0 0.0 0.0 0.0  
    0.0 0.0 0.0 0.0 0.0 0.0 0.0 0.0 0.0 0.0 0.0 0.0 0.0 0.0 0.0 0.0 0.0  
    0.0 0.0 0.0 
  WBEAM = 0.0 0.0 0.0 0.0 0.0 0.0 0.0 0.0 0.0 0.0 0.0 0.0 0.0 0.0 0.0  
    0.0 0.0 0.0 0.0 0.0 0.0 0.0 0.0 0.0 0.0 0.0 0.0 0.0 0.0 0.0 0.0 0.0  
    0.0 0.0 0.0 0.0 0.0 0.0 0.0 0.0 0.0 0.0 0.0 0.0 0.0 0.0 0.0 0.0 0.0  
    0.0 0.0 0.0 0.0 0.0 0.0 0.0 0.0 0.0 0.0 0.0 0.0 0.0 0.0 0.0 0.0 0.0  
    0.0 0.0 0.0 0.0 0.0 0.0 0.0 0.0 0.0 0.0 0.0 0.0 0.0 0.0 0.0 0.0 0.0  
    0.0 0.0 0.0 0.0 0.0 0.0 0.0 0.0 0.0 0.0 0.0 0.0 0.0 0.0 0.0 0.0 0.0  
    0.0 
  DENSITY_ALPHA = 0.0 0.0 0.0 0.0 0.0 0.0 0.0 0.0 0.0 0.0 0.0 0.0 0.0  
    0.0 0.0 0.0 0.0 0.0 0.0 0.0 0.0 0.0 0.0 0.0 0.0 0.0 0.0 0.0 0.0 0.0  
    0.0 0.0 0.0 0.0 0.0 0.0 0.0 0.0 0.0 0.0 0.0 0.0 0.0 0.0 0.0 0.0 0.0  
    0.0 0.0 0.0 0.0 0.0 0.0 0.0 0.0 0.0 0.0 0.0 0.0 0.0 0.0 0.0 0.0 0.0  
    0.0 0.0 0.0 0.0 0.0 0.0 0.0 0.0 0.0 0.0 0.0 0.0 0.0 0.0 0.0 0.0 0.0  
    0.0 0.0 0.0 0.0 0.0 0.0 0.0 0.0 0.0 0.0 0.0 0.0 0.0 0.0 0.0 0.0 0.0  
    0.0 0.0 0.0 
  WALPHA = 0.0 0.0 0.0 0.0 0.0 0.0 0.0 0.0 0.0 0.0 0.0 0.0 0.0 0.0 0.0  
    0.0 0.0 0.0 0.0 0.0 0.0 0.0 0.0 0.0 0.0 0.0 0.0 0.0 0.0 0.0 0.0 0.0  
    0.0 0.0 0.0 0.0 0.0 0.0 0.0 0.0 0.0 0.0 0.0 0.0 0.0 0.0 0.0 0.0 0.0  
    0.0 0.0 0.0 0.0 0.0 0.0 0.0 0.0 0.0 0.0 0.0 0.0 0.0 0.0 0.0 0.0 0.0  
    0.0 0.0 0.0 0.0 0.0 0.0 0.0 0.0 0.0 0.0 0.0 0.0 0.0 0.0 0.0 0.0 0.0  
    0.0 0.0 0.0 0.0 0.0 0.0 0.0 0.0 0.0 0.0 0.0 0.0 0.0 0.0 0.0 0.0 0.0  
    0.0 
  CHIE = 0.0 0.0 0.0 0.0 0.0 0.0 0.0 0.0 0.0 0.0 0.0 0.0 0.0 0.0 0.0  
    0.0 0.0 0.0 0.0 0.0 0.0 0.0 0.0 0.0 0.0 0.0 0.0 0.0 0.0 0.0 0.0 0.0  
    0.0 0.0 0.0 0.0 0.0 0.0 0.0 0.0 0.0 0.0 0.0 0.0 0.0 0.0 0.0 0.0 0.0  
    0.0 0.0 0.0 0.0 0.0 0.0 0.0 0.0 0.0 0.0 0.0 0.0 0.0 0.0 0.0 0.0 0.0  
    0.0 0.0 0.0 0.0 0.0 0.0 0.0 0.0 0.0 0.0 0.0 0.0 0.0 0.0 0.0 0.0 0.0  
    0.0 0.0 0.0 0.0 0.0 0.0 0.0 0.0 0.0 0.0 0.0 0.0 0.0 0.0 0.0 0.0 0.0  
    0.0 
  CHII = 0.0 0.0 0.0 0.0 0.0 0.0 0.0 0.0 0.0 0.0 0.0 0.0 0.0 0.0 0.0  
    0.0 0.0 0.0 0.0 0.0 0.0 0.0 0.0 0.0 0.0 0.0 0.0 0.0 0.0 0.0 0.0 0.0  
    0.0 0.0 0.0 0.0 0.0 0.0 0.0 0.0 0.0 0.0 0.0 0.0 0.0 0.0 0.0 0.0 0.0  
    0.0 0.0 0.0 0.0 0.0 0.0 0.0 0.0 0.0 0.0 0.0 0.0 0.0 0.0 0.0 0.0 0.0  
    0.0 0.0 0.0 0.0 0.0 0.0 0.0 0.0 0.0 0.0 0.0 0.0 0.0 0.0 0.0 0.0 0.0  
    0.0 0.0 0.0 0.0 0.0 0.0 0.0 0.0 0.0 0.0 0.0 0.0 0.0 0.0 0.0 0.0 0.0  
    0.0 
  NBDRY = 88 
  RBDRY = 1.1037554 1.1064889 1.11455436 1.12380077 1.13496111  
    1.14700917 1.15877366 1.17203125 1.18141723 1.18862338 1.19687289  
    1.20421509 1.21414202 1.22872908 1.25011297 1.2642179 1.30484375  
    1.3446875 1.38453125 1.42132792 1.45319472 1.49078125 1.530625  
    1.57046875 1.60378505 1.636875 1.67671875 1.7165625 1.75466434  
    1.78523211 1.8228125 1.86265625 1.89823159 1.9290625 1.96890625  
    1.99851654 2.0353125 2.061875 2.09718883 2.12828125 2.15484375  
    2.18140625 2.20191961 2.22125 2.23730328 2.24640031 2.24062719  
    2.22561517 2.20796875 2.18430522 2.16254232 2.1379161 2.110494  
    2.0797927 2.04859375 2.02203125 1.9821875 1.955625 1.91578125  
    1.881179 1.849375 1.80953125 1.7696875 1.72984375 1.69 1.65015625  
    1.6103125 1.57046875 1.530625 1.4775 1.43765625 1.38453125  
    1.3336675 1.2915625 1.25171875 1.22515625 1.19859375 1.18231602  
    1.16763258 1.15628 1.14546875 1.13354507 1.12476643 1.11708011  
    1.10913109 1.10526367 1.10348581 1.1037554 
  ZBDRY = 0.0 0.075 0.175 0.25 0.325 0.4 0.475 0.568534909 0.65 0.725  
    0.825 0.9 0.975 1.05 1.125 1.16532705 1.13759096 1.1090126  
    1.07935107 1.05 1.025 0.993746749 0.960554404 0.927916815 0.9  
    0.872508958 0.840097866 0.807101181 0.775 0.75 0.717648308  
    0.682679265 0.65 0.620815137 0.581517591 0.55 0.507349149  
    0.473575979 0.425 0.377392228 0.330618634 0.275965439 0.225  
    0.166332173 0.1 0.0 -0.1 -0.175 -0.234922514 -0.3 -0.35 -0.4 -0.45  
    -0.5 -0.544024517 -0.578517788 -0.624182993 -0.65345954  
    -0.692894849 -0.725 -0.752729297 -0.78473378 -0.81497698  
    -0.843497953 -0.86992 -0.89408854 -0.915757801 -0.93519154  
    -0.951823164 -0.968265043 -0.977476265 -0.982186482 -0.975  
    -0.958711973 -0.927441099 -0.891132194 -0.832322348 -0.775 -0.7  
    -0.625 -0.544417001 -0.45 -0.375 -0.3 -0.2 -0.125 -0.025 0.0 
  NLIM = 86 
  RLIM = 1.016 1.016 1.016 1.016 1.016 1.016 1.016 1.016 1.016 1.016  
    1.016 1.012 1.001 1.029 1.042 1.046 1.056 1.097 1.108 1.116 1.134  
    1.148 1.162 1.181 1.182 1.185 1.19 1.195 1.201 1.209 1.215 1.222  
    1.228 1.234 1.239 1.242 1.248 1.258 1.263 1.28 1.28 1.28 1.31 1.328  
    1.361 1.38 1.419 1.419 1.372 1.372 1.608 1.647 1.785 2.07 2.128  
    2.245 2.323 2.377 2.3625 2.364435 2.364969 2.365324 2.365121  
    2.364842 2.364334 2.3625 2.377 2.134 1.786 1.768 1.768 1.682 1.372  
    1.372 1.42 1.42 1.273 1.153 1.016 1.016 1.016 1.016 1.016 1.016  
    1.016 1.016 
  ZLIM = 0.0 0.964 0.968 1.001 1.019 1.077 1.07 1.096 1.113 1.138 1.147  
    1.165 1.217 1.217 1.1624 1.16238 1.1626 1.1645 1.16594 1.16591  
    1.16896 1.17175 1.17556 1.183 1.1835 1.185 1.188 1.191 1.196 1.202  
    1.208 1.214 1.221 1.231 1.238 1.244 1.254 1.278 1.29 1.331 1.347  
    1.348 1.348 1.348 1.348 1.348 1.348 1.31 1.31 1.292 1.095 1.077  
    1.077 1.04 0.993 0.709 0.519 0.389 0.4 0.222 0.133 0.044 -0.044  
    -0.133 -0.222 -0.4 -0.389 -0.973 -1.174 -1.211 -1.25 -1.25 -1.25  
    -1.329 -1.329 -1.363 -1.363 -1.363 -1.223 -1.223 -0.83 -0.8 -0.415  
    -0.4 -0.001 0.0 
/

